100 2
0.00000E+00 3.38569E-03 1.00001E+00 3.61742E+02
8.14138E+00 3.38569E-03 1.00001E+00 3.61742E+02
1.62828E+01 3.37909E-03 9.99934E-01 3.61741E+02
2.44241E+01 3.37234E-03 9.99798E-01 3.61738E+02
3.25655E+01 3.35898E-03 9.99417E-01 3.61727E+02
4.07069E+01 3.34593E-03 9.98941E-01 3.61710E+02
4.88483E+01 3.32576E-03 9.98038E-01 3.61669E+02
5.69897E+01 3.30549E-03 9.96967E-01 3.61612E+02
6.51310E+01 3.27932E-03 9.95368E-01 3.61514E+02
7.32724E+01 3.25266E-03 9.93524E-01 3.61387E+02
8.14138E+01 3.21995E-03 9.90993E-01 3.61191E+02
8.95552E+01 3.18755E-03 9.88223E-01 3.60954E+02
9.76966E+01 3.14887E-03 9.84605E-01 3.60615E+02
1.05838E+02 3.10950E-03 9.80598E-01 3.60207E+02
1.13979E+02 3.06489E-03 9.75696E-01 3.59668E+02
1.22121E+02 3.01961E-03 9.70345E-01 3.59036E+02
1.30262E+02 2.97052E-03 9.64151E-01 3.58254E+02
1.38403E+02 2.91872E-03 9.57185E-01 3.57317E+02
1.46545E+02 2.86542E-03 9.49592E-01 3.56235E+02
1.54686E+02 2.80862E-03 9.41032E-01 3.54944E+02
1.62828E+02 2.75082E-03 9.31855E-01 3.53487E+02
1.70969E+02 2.68914E-03 9.21562E-01 3.51769E+02
1.79110E+02 2.62583E-03 9.10475E-01 3.49827E+02
1.87252E+02 2.56273E-03 8.98916E-01 3.47709E+02
1.95393E+02 2.49526E-03 8.86012E-01 3.45241E+02
2.03534E+02 2.42671E-03 8.72334E-01 3.42511E+02
2.11676E+02 2.35744E-03 8.57947E-01 3.39523E+02
2.19817E+02 2.28716E-03 8.42784E-01 3.36251E+02
2.27959E+02 2.21555E-03 8.26752E-01 3.32661E+02
2.36100E+02 2.14274E-03 8.09858E-01 3.28741E+02
2.44241E+02 2.06925E-03 7.92208E-01 3.24501E+02
2.52383E+02 1.99589E-03 7.73991E-01 3.19978E+02
2.60524E+02 1.92159E-03 7.54936E-01 3.15091E+02
2.68666E+02 1.84742E-03 7.35311E-01 3.09898E+02
2.76807E+02 1.77313E-03 7.15050E-01 3.04371E+02
2.84948E+02 1.69935E-03 6.94327E-01 2.98550E+02
2.93090E+02 1.62599E-03 6.73127E-01 2.92423E+02
3.01231E+02 1.55310E-03 6.51465E-01 2.85985E+02
3.09372E+02 1.48123E-03 6.29526E-01 2.79287E+02
3.17514E+02 1.41019E-03 6.07258E-01 2.72307E+02
3.25655E+02 1.34043E-03 5.84825E-01 2.65093E+02
3.33797E+02 1.27193E-03 5.62240E-01 2.57646E+02
3.41938E+02 1.20459E-03 5.39488E-01 2.49959E+02
3.50079E+02 1.13906E-03 5.16815E-01 2.42114E+02
3.58221E+02 1.07516E-03 4.94188E-01 2.34100E+02
3.66362E+02 1.01286E-03 4.71616E-01 2.25923E+02
3.74503E+02 9.52495E-04 4.49256E-01 2.17640E+02
3.82645E+02 8.94127E-04 4.27161E-01 2.09275E+02
3.90786E+02 8.37676E-04 4.05332E-01 2.00834E+02
3.98928E+02 7.83374E-04 3.83892E-01 1.92368E+02
4.07069E+02 7.31062E-04 3.62811E-01 1.83873E+02
4.15210E+02 6.81039E-04 3.42246E-01 1.75419E+02
4.23352E+02 6.33116E-04 3.22155E-01 1.66995E+02
4.31493E+02 5.87367E-04 3.02603E-01 1.58638E+02
4.39634E+02 5.43921E-04 2.83681E-01 1.50397E+02
4.47776E+02 5.02540E-04 2.65322E-01 1.42252E+02
4.55917E+02 4.63305E-04 2.47596E-01 1.34243E+02
4.64059E+02 4.26290E-04 2.30571E-01 1.26413E+02
4.72200E+02 3.91303E-04 2.14194E-01 1.18747E+02
4.80341E+02 3.58554E-04 1.98599E-01 1.11320E+02
4.88483E+02 3.27539E-04 1.83576E-01 1.04043E+02
4.96624E+02 2.98717E-04 1.69380E-01 9.70509E+01
5.04766E+02 2.71879E-04 1.55944E-01 9.03239E+01
5.12907E+02 2.46754E-04 1.43161E-01 8.38204E+01
5.21048E+02 2.23381E-04 1.31079E-01 7.75749E+01
5.29190E+02 2.01704E-04 1.19697E-01 7.15982E+01
5.37331E+02 1.81761E-04 1.09063E-01 6.59282E+01
5.45472E+02 1.63311E-04 9.90758E-02 6.05216E+01
5.53614E+02 1.46300E-04 8.97286E-02 5.53854E+01
5.61755E+02 1.30753E-04 8.10590E-02 5.05510E+01
5.69897E+02 1.16482E-04 7.29854E-02 4.59833E+01
5.78038E+02 1.03428E-04 6.54934E-02 4.16835E+01
5.86179E+02 9.15684E-05 5.85906E-02 3.76656E+01
5.94321E+02 8.08132E-05 5.22429E-02 3.39192E+01
6.02462E+02 7.10529E-05 4.64029E-02 3.04249E+01
6.10603E+02 6.22809E-05 4.10830E-02 2.71985E+01
6.18745E+02 5.43746E-05 3.62239E-02 2.42121E+01
6.26886E+02 4.72484E-05 3.17863E-02 2.14486E+01
6.35028E+02 4.08649E-05 2.77591E-02 1.89080E+01
6.43169E+02 3.51762E-05 2.41239E-02 1.65849E+01
6.51310E+02 3.01412E-05 2.08653E-02 1.44760E+01
6.59452E+02 2.56777E-05 1.79404E-02 1.25593E+01
6.67593E+02 2.17326E-05 1.53231E-02 1.08229E+01
6.75734E+02 1.82702E-05 1.29979E-02 9.26133E+00
6.83876E+02 1.52203E-05 1.09248E-02 7.85225E+00
6.92017E+02 1.25882E-05 9.11431E-03 6.60684E+00
7.00159E+02 1.02953E-05 7.51847E-03 5.49613E+00
7.08300E+02 8.33350E-06 6.13708E-03 4.52344E+00
7.16441E+02 6.64741E-06 4.93615E-03 3.66807E+00
7.24583E+02 5.22114E-06 3.90869E-03 2.92790E+00
7.32724E+02 4.01659E-06 3.03116E-03 2.28860E+00
7.40866E+02 3.01186E-06 2.29101E-03 1.74334E+00
7.49007E+02 2.19594E-06 1.68329E-03 1.29069E+00
7.57148E+02 1.53696E-06 1.18712E-03 9.17106E-01
7.65290E+02 1.01935E-06 7.93199E-04 6.17312E-01
7.73431E+02 6.23897E-07 4.89044E-04 3.83374E-01
7.81572E+02 3.35824E-07 2.65141E-04 2.09346E-01
7.89714E+02 1.44064E-07 1.14548E-04 9.10809E-02
7.97855E+02 3.51922E-08 2.81773E-05 2.25609E-02
8.05997E+02 0.00000E+00 0.00000E+00 0.00000E+00
