100 2
0.00000E+00 3.38841E-03 1.00001E+00 3.61499E+02
8.13775E+00 3.38812E-03 1.00001E+00 3.61499E+02
1.62755E+01 3.38187E-03 9.99935E-01 3.61498E+02
2.44133E+01 3.37499E-03 9.99796E-01 3.61496E+02
3.25510E+01 3.36170E-03 9.99418E-01 3.61485E+02
4.06888E+01 3.34812E-03 9.98921E-01 3.61466E+02
4.88265E+01 3.32822E-03 9.98029E-01 3.61426E+02
5.69643E+01 3.30814E-03 9.96969E-01 3.61370E+02
6.51020E+01 3.28163E-03 9.95349E-01 3.61271E+02
7.32398E+01 3.25485E-03 9.93496E-01 3.61143E+02
8.13775E+01 3.22235E-03 9.90982E-01 3.60948E+02
8.95153E+01 3.18953E-03 9.88177E-01 3.60708E+02
9.76530E+01 3.15061E-03 9.84535E-01 3.60367E+02
1.05791E+02 3.11184E-03 9.80590E-01 3.59966E+02
1.13929E+02 3.06691E-03 9.75656E-01 3.59423E+02
1.22066E+02 3.02151E-03 9.70294E-01 3.58790E+02
1.30204E+02 2.97224E-03 9.64079E-01 3.58006E+02
1.38342E+02 2.92059E-03 9.57137E-01 3.57072E+02
1.46480E+02 2.86726E-03 9.49544E-01 3.55991E+02
1.54617E+02 2.81001E-03 9.40921E-01 3.54692E+02
1.62755E+02 2.75226E-03 9.31756E-01 3.53237E+02
1.70893E+02 2.69050E-03 9.21455E-01 3.51519E+02
1.79031E+02 2.62713E-03 9.10360E-01 3.49576E+02
1.87168E+02 2.56378E-03 8.98760E-01 3.47452E+02
1.95306E+02 2.49648E-03 8.85896E-01 3.44992E+02
2.03444E+02 2.42770E-03 8.72179E-01 3.42256E+02
2.11582E+02 2.35844E-03 8.57803E-01 3.39272E+02
2.19719E+02 2.28797E-03 8.42605E-01 3.35994E+02
2.27857E+02 2.21624E-03 8.26553E-01 3.32401E+02
2.35995E+02 2.14338E-03 8.09654E-01 3.28482E+02
2.44133E+02 2.06977E-03 7.91984E-01 3.24239E+02
2.52270E+02 1.99627E-03 7.73741E-01 3.19710E+02
2.60408E+02 1.92200E-03 7.54701E-01 3.14829E+02
2.68546E+02 1.84761E-03 7.35028E-01 3.09626E+02
2.76684E+02 1.77352E-03 7.14828E-01 3.04119E+02
2.84821E+02 1.69954E-03 6.94060E-01 2.98288E+02
2.92959E+02 1.62610E-03 6.72845E-01 2.92158E+02
3.01097E+02 1.55329E-03 6.51217E-01 2.85734E+02
3.09235E+02 1.48133E-03 6.29258E-01 2.79033E+02
3.17372E+02 1.41028E-03 6.07000E-01 2.72059E+02
3.25510E+02 1.34048E-03 5.84564E-01 2.64847E+02
3.33648E+02 1.27193E-03 5.61974E-01 2.57402E+02
3.41786E+02 1.20471E-03 5.39273E-01 2.49736E+02
3.49923E+02 1.13898E-03 5.16540E-01 2.41874E+02
3.58061E+02 1.07501E-03 4.93898E-01 2.33858E+02
3.66199E+02 1.01288E-03 4.71400E-01 2.25711E+02
3.74337E+02 9.52431E-04 4.49017E-01 2.17424E+02
3.82474E+02 8.94042E-04 4.26924E-01 2.09064E+02
3.90612E+02 8.37554E-04 4.05090E-01 2.00624E+02
3.98750E+02 7.83245E-04 3.83657E-01 1.92165E+02
4.06888E+02 7.31024E-04 3.62623E-01 1.83692E+02
4.15025E+02 6.80876E-04 3.42016E-01 1.75224E+02
4.23163E+02 6.32944E-04 3.21929E-01 1.66806E+02
4.31301E+02 5.87151E-04 3.02366E-01 1.58448E+02
4.39439E+02 5.43690E-04 2.83445E-01 1.50211E+02
4.47576E+02 5.02330E-04 2.65103E-01 1.42077E+02
4.55714E+02 4.63194E-04 2.47429E-01 1.34095E+02
4.63852E+02 4.26193E-04 2.30418E-01 1.26274E+02
4.71990E+02 3.91202E-04 2.14046E-01 1.18614E+02
4.80127E+02 3.58386E-04 1.98425E-01 1.11178E+02
4.88265E+02 3.27537E-04 1.83490E-01 1.03946E+02
4.96403E+02 2.98714E-04 1.69300E-01 9.69607E+01
5.04541E+02 2.71790E-04 1.55827E-01 9.02182E+01
5.12678E+02 2.46665E-04 1.43050E-01 8.37201E+01
5.20816E+02 2.23300E-04 1.30977E-01 7.74820E+01
5.28954E+02 2.01697E-04 1.19639E-01 7.15312E+01
5.37092E+02 1.81697E-04 1.08979E-01 6.58498E+01
5.45229E+02 1.63278E-04 9.90127E-02 6.04569E+01
5.53367E+02 1.46273E-04 8.96728E-02 5.53270E+01
5.61505E+02 1.30719E-04 8.10034E-02 5.04948E+01
5.69643E+02 1.16454E-04 7.29367E-02 4.59330E+01
5.77781E+02 1.03422E-04 6.54606E-02 4.16443E+01
5.85918E+02 9.15495E-05 5.85533E-02 3.76255E+01
5.94056E+02 8.08096E-05 5.22175E-02 3.38878E+01
6.02194E+02 7.10499E-05 4.63805E-02 3.03968E+01
6.10332E+02 6.22696E-05 4.10579E-02 2.71702E+01
6.18469E+02 5.43584E-05 3.61979E-02 2.41845E+01
6.26607E+02 4.72401E-05 3.17671E-02 2.14265E+01
6.34745E+02 4.08611E-05 2.77445E-02 1.88898E+01
6.42883E+02 3.51916E-05 2.41232E-02 1.65767E+01
6.51020E+02 3.01432E-05 2.08574E-02 1.44642E+01
6.59158E+02 2.56878E-05 1.79392E-02 1.25527E+01
6.67296E+02 2.17406E-05 1.53218E-02 1.08170E+01
6.75434E+02 1.82639E-05 1.29880E-02 9.25040E+00
6.83571E+02 1.52252E-05 1.09234E-02 7.84769E+00
6.91709E+02 1.25868E-05 9.10933E-03 6.60039E+00
6.99847E+02 1.03028E-05 7.52043E-03 5.49501E+00
7.07985E+02 8.33558E-06 6.13588E-03 4.52055E+00
7.16122E+02 6.64597E-06 4.93298E-03 3.66414E+00
7.24260E+02 5.21818E-06 3.90485E-03 2.92380E+00
7.32398E+02 4.01651E-06 3.02979E-03 2.28657E+00
7.40536E+02 3.01702E-06 2.29383E-03 1.74465E+00
7.48673E+02 2.19725E-06 1.68354E-03 1.29030E+00
7.56811E+02 1.53819E-06 1.18753E-03 9.17006E-01
7.64949E+02 1.01853E-06 7.92225E-04 6.16292E-01
7.73087E+02 6.23796E-07 4.88750E-04 3.82977E-01
7.81224E+02 3.37278E-07 2.66160E-04 2.10049E-01
7.89362E+02 1.44599E-07 1.14919E-04 9.13337E-02
7.97500E+02 3.54455E-08 2.83669E-05 2.27020E-02
8.05638E+02 0.00000E+00 0.00000E+00 0.00000E+00
