100 2
0.00000E+00 3.40338E-03 1.00001E+00 3.60182E+02
8.11799E+00 3.40212E-03 1.00001E+00 3.60182E+02
1.62360E+01 3.39635E-03 9.99930E-01 3.60181E+02
2.43540E+01 3.38855E-03 9.99768E-01 3.60177E+02
3.24720E+01 3.37615E-03 9.99411E-01 3.60167E+02
4.05899E+01 3.36153E-03 9.98875E-01 3.60147E+02
4.87079E+01 3.34230E-03 9.98012E-01 3.60108E+02
5.68259E+01 3.32090E-03 9.96880E-01 3.60048E+02
6.49439E+01 3.29516E-03 9.95309E-01 3.59952E+02
7.30619E+01 3.26758E-03 9.93403E-01 3.59820E+02
8.11799E+01 3.23507E-03 9.90893E-01 3.59627E+02
8.92979E+01 3.20077E-03 9.87964E-01 3.59376E+02
9.74159E+01 3.16264E-03 9.84401E-01 3.59043E+02
1.05534E+02 3.12226E-03 9.80300E-01 3.58626E+02
1.13652E+02 3.07827E-03 9.75477E-01 3.58098E+02
1.21770E+02 3.03199E-03 9.70027E-01 3.57455E+02
1.29888E+02 2.98252E-03 9.63804E-01 3.56672E+02
1.38006E+02 2.93024E-03 9.56798E-01 3.55733E+02
1.46124E+02 2.87599E-03 9.49090E-01 3.54638E+02
1.54242E+02 2.81828E-03 9.40420E-01 3.53335E+02
1.62360E+02 2.75984E-03 9.31167E-01 3.51869E+02
1.70478E+02 2.69815E-03 9.20902E-01 3.50161E+02
1.78596E+02 2.63406E-03 9.09713E-01 3.48207E+02
1.86714E+02 2.56935E-03 8.97892E-01 3.46047E+02
1.94832E+02 2.50229E-03 8.85099E-01 3.43607E+02
2.02950E+02 2.43322E-03 8.71362E-01 3.40874E+02
2.11068E+02 2.36297E-03 8.56817E-01 3.37862E+02
2.19186E+02 2.29195E-03 8.41536E-01 3.34574E+02
2.27304E+02 2.21975E-03 8.25415E-01 3.30974E+02
2.35422E+02 2.14662E-03 8.08494E-01 3.27058E+02
2.43540E+02 2.07291E-03 7.90841E-01 3.22830E+02
2.51658E+02 1.99870E-03 7.72466E-01 3.18280E+02
2.59776E+02 1.92420E-03 7.53417E-01 3.13409E+02
2.67894E+02 1.84960E-03 7.33735E-01 3.08215E+02
2.76012E+02 1.77503E-03 7.13455E-01 3.02700E+02
2.84130E+02 1.70080E-03 6.92664E-01 2.96876E+02
2.92248E+02 1.62702E-03 6.71404E-01 2.90749E+02
3.00366E+02 1.55397E-03 6.49759E-01 2.84335E+02
3.08484E+02 1.48183E-03 6.27797E-01 2.77650E+02
3.16602E+02 1.41063E-03 6.05544E-01 2.70694E+02
3.24720E+02 1.34057E-03 5.83080E-01 2.63491E+02
3.32837E+02 1.27190E-03 5.60504E-01 2.56069E+02
3.40955E+02 1.20448E-03 5.37794E-01 2.48418E+02
3.49073E+02 1.13874E-03 5.15113E-01 2.40592E+02
3.57191E+02 1.07466E-03 4.92484E-01 2.32601E+02
3.65309E+02 1.01241E-03 4.69999E-01 2.24479E+02
3.73427E+02 9.51976E-04 4.47677E-01 2.16234E+02
3.81545E+02 8.93492E-04 4.25602E-01 2.07901E+02
3.89663E+02 8.36941E-04 4.03797E-01 1.99493E+02
3.97781E+02 7.82639E-04 3.82418E-01 1.91076E+02
4.05899E+02 7.30398E-04 3.61427E-01 1.82642E+02
4.14017E+02 6.80234E-04 3.40863E-01 1.74211E+02
4.22135E+02 6.32335E-04 3.20839E-01 1.65840E+02
4.30253E+02 5.86657E-04 3.01372E-01 1.57544E+02
4.38371E+02 5.43102E-04 2.82457E-01 1.49329E+02
4.46489E+02 5.01819E-04 2.64194E-01 1.41249E+02
4.54607E+02 4.62643E-04 2.46544E-01 1.33297E+02
4.62725E+02 4.25718E-04 2.29610E-01 1.25531E+02
4.70843E+02 3.90816E-04 2.13320E-01 1.17927E+02
4.78961E+02 3.57986E-04 1.97730E-01 1.10524E+02
4.87079E+02 3.27214E-04 1.82868E-01 1.03346E+02
4.95197E+02 2.98366E-04 1.68701E-01 9.63887E+01
5.03315E+02 2.71490E-04 1.55284E-01 8.96908E+01
5.11433E+02 2.46395E-04 1.42553E-01 8.32317E+01
5.19551E+02 2.23124E-04 1.30558E-01 7.70492E+01
5.27669E+02 2.01471E-04 1.19222E-01 7.11138E+01
5.35787E+02 1.81507E-04 1.08607E-01 6.54701E+01
5.43905E+02 1.63113E-04 9.86784E-02 6.01104E+01
5.52023E+02 1.46119E-04 8.93669E-02 5.50084E+01
5.60141E+02 1.30618E-04 8.07483E-02 5.02161E+01
5.68259E+02 1.16362E-04 7.27059E-02 4.56791E+01
5.76377E+02 1.03366E-04 6.52686E-02 4.14230E+01
5.84495E+02 9.15082E-05 5.83869E-02 3.74290E+01
5.92613E+02 8.07770E-05 5.20716E-02 3.37124E+01
6.00731E+02 7.10457E-05 4.62660E-02 3.02487E+01
6.08849E+02 6.22402E-05 4.09411E-02 2.70286E+01
6.16967E+02 5.43396E-05 3.60993E-02 2.40613E+01
6.25085E+02 4.72408E-05 3.16914E-02 2.13242E+01
6.33203E+02 4.08790E-05 2.76894E-02 1.88067E+01
6.41321E+02 3.52001E-05 2.40710E-02 1.65011E+01
6.49439E+02 3.01481E-05 2.08109E-02 1.43974E+01
6.57557E+02 2.56880E-05 1.78966E-02 1.24931E+01
6.65675E+02 2.17434E-05 1.52872E-02 1.07669E+01
6.73793E+02 1.82741E-05 1.29640E-02 9.21116E+00
6.81911E+02 1.52385E-05 1.09065E-02 7.81666E+00
6.90029E+02 1.25963E-05 9.09427E-03 6.57363E+00
6.98147E+02 1.03140E-05 7.51041E-03 5.47443E+00
7.06265E+02 8.34308E-06 6.12662E-03 4.50287E+00
7.14383E+02 6.64994E-06 4.92411E-03 3.64880E+00
7.22501E+02 5.22276E-06 3.89889E-03 2.91232E+00
7.30619E+02 4.02126E-06 3.02606E-03 2.27825E+00
7.38737E+02 3.02252E-06 2.29243E-03 1.73935E+00
7.46855E+02 2.20341E-06 1.68413E-03 1.28759E+00
7.54973E+02 1.54153E-06 1.18722E-03 9.14536E-01
7.63091E+02 1.02072E-06 7.92000E-04 6.14621E-01
7.71209E+02 6.24355E-07 4.88009E-04 3.81474E-01
7.79327E+02 3.36444E-07 2.64870E-04 2.08534E-01
7.87445E+02 1.44273E-07 1.14386E-04 9.06919E-02
7.95563E+02 3.57717E-08 2.85579E-05 2.27989E-02
8.03681E+02 0.00000E+00 0.00000E+00 0.00000E+00
