100 2
0.00000E+00 3.53322E-03 1.00001E+00 3.49046E+02
7.94690E+00 3.53041E-03 1.00000E+00 3.49046E+02
1.58938E+01 3.52573E-03 9.99942E-01 3.49045E+02
2.38407E+01 3.51533E-03 9.99734E-01 3.49041E+02
3.17876E+01 3.50321E-03 9.99394E-01 3.49031E+02
3.97345E+01 3.48503E-03 9.98744E-01 3.49008E+02
4.76814E+01 3.46531E-03 9.97877E-01 3.48970E+02
5.56283E+01 3.44032E-03 9.96587E-01 3.48903E+02
6.35752E+01 3.41284E-03 9.94943E-01 3.48804E+02
7.15221E+01 3.38150E-03 9.92827E-01 3.48661E+02
7.94690E+01 3.34591E-03 9.90134E-01 3.48457E+02
8.74159E+01 3.30839E-03 9.87003E-01 3.48196E+02
9.53628E+01 3.26607E-03 9.83131E-01 3.47841E+02
1.03310E+02 3.22227E-03 9.78779E-01 3.47409E+02
1.11257E+02 3.17311E-03 9.73503E-01 3.46842E+02
1.19204E+02 3.12302E-03 9.67726E-01 3.46176E+02
1.27150E+02 3.06914E-03 9.61091E-01 3.45358E+02
1.35097E+02 3.01193E-03 9.53584E-01 3.44373E+02
1.43044E+02 2.95405E-03 9.45534E-01 3.43253E+02
1.50991E+02 2.89128E-03 9.36307E-01 3.41896E+02
1.58938E+02 2.82750E-03 9.26418E-01 3.40363E+02
1.66885E+02 2.76227E-03 9.15791E-01 3.38631E+02
1.74832E+02 2.69364E-03 9.04067E-01 3.36628E+02
1.82779E+02 2.62337E-03 8.91500E-01 3.34380E+02
1.90726E+02 2.55192E-03 8.78153E-01 3.31886E+02
1.98673E+02 2.47928E-03 8.64007E-01 3.29132E+02
2.06619E+02 2.40487E-03 8.48929E-01 3.26075E+02
2.14566E+02 2.32973E-03 8.33103E-01 3.22742E+02
2.22513E+02 2.25344E-03 8.16430E-01 3.19098E+02
2.30460E+02 2.17694E-03 7.99103E-01 3.15173E+02
2.38407E+02 2.09951E-03 7.80951E-01 3.10917E+02
2.46354E+02 2.02195E-03 7.62152E-01 3.06360E+02
2.54301E+02 1.94436E-03 7.42728E-01 3.01497E+02
2.62248E+02 1.86688E-03 7.22717E-01 2.96329E+02
2.70195E+02 1.78969E-03 7.02169E-01 2.90858E+02
2.78142E+02 1.71296E-03 6.81134E-01 2.85091E+02
2.86089E+02 1.63686E-03 6.59664E-01 2.79033E+02
2.94035E+02 1.56171E-03 6.37867E-01 2.72711E+02
3.01982E+02 1.48749E-03 6.15749E-01 2.66119E+02
3.09929E+02 1.41450E-03 5.93419E-01 2.59287E+02
3.17876E+02 1.34290E-03 5.70943E-01 2.52232E+02
3.25823E+02 1.27270E-03 5.48353E-01 2.44961E+02
3.33770E+02 1.20434E-03 5.25806E-01 2.37525E+02
3.41717E+02 1.13755E-03 5.03252E-01 2.29908E+02
3.49664E+02 1.07263E-03 4.80810E-01 2.22150E+02
3.57611E+02 1.00962E-03 4.58530E-01 2.14271E+02
3.65558E+02 9.48515E-04 4.36436E-01 2.06282E+02
3.73504E+02 8.89691E-04 4.14699E-01 1.98250E+02
3.81451E+02 8.32939E-04 3.93278E-01 1.90164E+02
3.89398E+02 7.78349E-04 3.72239E-01 1.82055E+02
3.97345E+02 7.25993E-04 3.51644E-01 1.73954E+02
4.05292E+02 6.75866E-04 3.31528E-01 1.65882E+02
4.13239E+02 6.28037E-04 3.11955E-01 1.57871E+02
4.21186E+02 5.82385E-04 2.92910E-01 1.49926E+02
4.29133E+02 5.38990E-04 2.74461E-01 1.42082E+02
4.37080E+02 4.97942E-04 2.56684E-01 1.34383E+02
4.45027E+02 4.58976E-04 2.39499E-01 1.26804E+02
4.52973E+02 4.22170E-04 2.22975E-01 1.19385E+02
4.60920E+02 3.87578E-04 2.07169E-01 1.12163E+02
4.68867E+02 3.55087E-04 1.92066E-01 1.05142E+02
4.76814E+02 3.24496E-04 1.77602E-01 9.83033E+01
4.84761E+02 2.96018E-04 1.63911E-01 9.17214E+01
4.92708E+02 2.69329E-04 1.50869E-01 8.53477E+01
5.00655E+02 2.44495E-04 1.38536E-01 7.92226E+01
5.08602E+02 2.21415E-04 1.26890E-01 7.33460E+01
5.16549E+02 2.00073E-04 1.15952E-01 6.77397E+01
5.24496E+02 1.80264E-04 1.05641E-01 6.23733E+01
5.32443E+02 1.62072E-04 9.60285E-02 5.72935E+01
5.40389E+02 1.45307E-04 8.70359E-02 5.24701E+01
5.48336E+02 1.29913E-04 7.86570E-02 4.79093E+01
5.56283E+02 1.15809E-04 7.08680E-02 4.36077E+01
5.64230E+02 1.02936E-04 6.36565E-02 3.95677E+01
5.72177E+02 9.12255E-05 5.70032E-02 3.57876E+01
5.80124E+02 8.05745E-05 5.08672E-02 3.22527E+01
5.88071E+02 7.09219E-05 4.52298E-02 2.89602E+01
5.96018E+02 6.21882E-05 4.00597E-02 2.58995E+01
6.03965E+02 5.43282E-05 3.53442E-02 2.30706E+01
6.11912E+02 4.72750E-05 3.10568E-02 2.04643E+01
6.19858E+02 4.09530E-05 2.71636E-02 1.80669E+01
6.27805E+02 3.52962E-05 2.36352E-02 1.58659E+01
6.35752E+02 3.02703E-05 2.04603E-02 1.38603E+01
6.43699E+02 2.58178E-05 1.76123E-02 1.20386E+01
6.51646E+02 2.18689E-05 1.50551E-02 1.03825E+01
6.59593E+02 1.84006E-05 1.27814E-02 8.89203E+00
6.67540E+02 1.53648E-05 1.07672E-02 7.55557E+00
6.75487E+02 1.27208E-05 8.99191E-03 6.36361E+00
6.83434E+02 1.04247E-05 7.43206E-03 5.30390E+00
6.91381E+02 8.44338E-06 6.07031E-03 4.36797E+00
6.99328E+02 6.74340E-06 4.88841E-03 3.54626E+00
7.07274E+02 5.30080E-06 3.87400E-03 2.83293E+00
7.15221E+02 4.08513E-06 3.00951E-03 2.21817E+00
7.23168E+02 3.07406E-06 2.28249E-03 1.69539E+00
7.31115E+02 2.24342E-06 1.67863E-03 1.25639E+00
7.39062E+02 1.57222E-06 1.18535E-03 8.93871E-01
7.47009E+02 1.04229E-06 7.91698E-04 6.01444E-01
7.54956E+02 6.38186E-07 4.88310E-04 3.73667E-01
7.62903E+02 3.44319E-07 2.65359E-04 2.04516E-01
7.70850E+02 1.48426E-07 1.15195E-04 8.94064E-02
7.78797E+02 3.72725E-08 2.91274E-05 2.27625E-02
7.86743E+02 0.00000E+00 0.00000E+00 0.00000E+00
