100 2
0.00000E+00 3.39643E-03 1.00001E+00 3.60840E+02
8.12787E+00 3.39445E-03 1.00000E+00 3.60839E+02
1.62557E+01 3.38968E-03 9.99942E-01 3.60839E+02
2.43836E+01 3.38086E-03 9.99759E-01 3.60835E+02
3.25115E+01 3.36952E-03 9.99434E-01 3.60825E+02
4.06393E+01 3.35379E-03 9.98855E-01 3.60804E+02
4.87672E+01 3.33586E-03 9.98051E-01 3.60768E+02
5.68951E+01 3.31374E-03 9.96879E-01 3.60706E+02
6.50229E+01 3.28910E-03 9.95375E-01 3.60614E+02
7.31508E+01 3.26051E-03 9.93397E-01 3.60477E+02
8.12787E+01 3.22923E-03 9.90979E-01 3.60290E+02
8.94065E+01 3.19467E-03 9.88028E-01 3.60037E+02
9.75344E+01 3.15717E-03 9.84521E-01 3.59709E+02
1.05662E+02 3.11632E-03 9.80368E-01 3.59287E+02
1.13790E+02 3.07344E-03 9.75662E-01 3.58770E+02
1.21918E+02 3.02652E-03 9.70133E-01 3.58118E+02
1.30046E+02 2.97762E-03 9.63971E-01 3.57342E+02
1.38174E+02 2.92590E-03 9.57035E-01 3.56411E+02
1.46302E+02 2.87109E-03 9.49237E-01 3.55301E+02
1.54429E+02 2.81473E-03 9.40760E-01 3.54026E+02
1.62557E+02 2.75550E-03 9.31372E-01 3.52538E+02
1.70685E+02 2.69435E-03 9.21180E-01 3.50839E+02
1.78813E+02 2.63116E-03 9.10139E-01 3.48909E+02
1.86941E+02 2.56583E-03 8.98188E-01 3.46723E+02
1.95069E+02 2.49914E-03 8.85448E-01 3.44288E+02
2.03197E+02 2.43089E-03 8.71857E-01 3.41582E+02
2.11325E+02 2.36106E-03 8.57385E-01 3.38582E+02
2.19452E+02 2.29011E-03 8.42103E-01 3.35290E+02
2.27580E+02 2.21802E-03 8.25990E-01 3.31688E+02
2.35708E+02 2.14503E-03 8.09083E-01 3.27771E+02
2.43836E+02 2.07156E-03 7.91464E-01 3.23546E+02
2.51964E+02 1.99740E-03 7.73081E-01 3.18989E+02
2.60092E+02 1.92310E-03 7.54059E-01 3.14118E+02
2.68220E+02 1.84864E-03 7.34389E-01 3.08922E+02
2.76347E+02 1.77426E-03 7.14137E-01 3.03407E+02
2.84475E+02 1.70026E-03 6.93386E-01 2.97588E+02
2.92603E+02 1.62656E-03 6.72123E-01 2.91452E+02
3.00731E+02 1.55359E-03 6.50476E-01 2.85030E+02
3.08859E+02 1.48155E-03 6.28517E-01 2.78337E+02
3.16987E+02 1.41050E-03 6.06286E-01 2.71380E+02
3.25115E+02 1.34052E-03 5.83819E-01 2.64167E+02
3.33243E+02 1.27177E-03 5.61188E-01 2.56717E+02
3.41370E+02 1.20457E-03 5.38522E-01 2.49072E+02
3.49498E+02 1.13893E-03 5.15851E-01 2.41241E+02
3.57626E+02 1.07486E-03 4.93200E-01 2.33232E+02
3.65754E+02 1.01255E-03 4.70664E-01 2.25081E+02
3.73882E+02 9.52163E-04 4.48331E-01 2.16822E+02
3.82010E+02 8.93847E-04 4.26293E-01 2.08493E+02
3.90138E+02 8.37277E-04 4.04454E-01 2.00062E+02
3.98265E+02 7.82889E-04 3.83015E-01 1.91611E+02
4.06393E+02 7.30726E-04 3.62030E-01 1.83168E+02
4.14521E+02 6.80564E-04 3.41443E-01 1.74719E+02
4.22649E+02 6.32669E-04 3.21396E-01 1.66327E+02
4.30777E+02 5.86863E-04 3.01851E-01 1.57988E+02
4.38905E+02 5.43417E-04 2.82960E-01 1.49773E+02
4.47033E+02 5.02075E-04 2.64648E-01 1.41662E+02
4.55161E+02 4.62920E-04 2.46987E-01 1.33696E+02
4.63288E+02 4.25929E-04 2.30001E-01 1.25896E+02
4.71416E+02 3.91025E-04 2.13690E-01 1.18273E+02
4.79544E+02 3.58217E-04 1.98092E-01 1.10857E+02
4.87672E+02 3.27368E-04 1.83175E-01 1.03644E+02
4.95800E+02 2.98536E-04 1.68998E-01 9.66732E+01
5.03928E+02 2.71623E-04 1.55547E-01 8.99497E+01
5.12056E+02 2.46542E-04 1.42807E-01 8.34787E+01
5.20183E+02 2.23198E-04 1.30760E-01 7.72614E+01
5.28311E+02 2.01603E-04 1.19440E-01 7.13274E+01
5.36439E+02 1.81633E-04 1.08810E-01 6.56686E+01
5.44567E+02 1.63168E-04 9.88303E-02 6.02751E+01
5.52695E+02 1.46226E-04 8.95365E-02 5.51767E+01
5.60823E+02 1.30663E-04 8.08725E-02 5.03535E+01
5.68951E+02 1.16415E-04 7.28248E-02 4.58079E+01
5.77079E+02 1.03410E-04 6.53740E-02 4.15390E+01
5.85206E+02 9.15313E-05 5.84715E-02 3.75279E+01
5.93334E+02 8.07857E-05 5.21400E-02 3.37973E+01
6.01462E+02 7.10502E-05 4.63247E-02 3.03235E+01
6.09590E+02 6.22425E-05 4.09919E-02 2.70947E+01
6.17718E+02 5.43490E-05 3.61485E-02 2.41228E+01
6.25846E+02 4.72272E-05 3.17209E-02 2.13701E+01
6.33974E+02 4.08638E-05 2.77130E-02 1.88457E+01
6.42101E+02 3.52015E-05 2.41007E-02 1.65412E+01
6.50229E+02 3.01550E-05 2.08403E-02 1.44347E+01
6.58357E+02 2.56810E-05 1.79134E-02 1.25199E+01
6.66485E+02 2.17358E-05 1.53003E-02 1.07891E+01
6.74613E+02 1.82734E-05 1.29789E-02 9.23276E+00
6.82741E+02 1.52408E-05 1.09211E-02 7.83635E+00
6.90869E+02 1.25972E-05 9.10575E-03 6.58973E+00
6.98997E+02 1.03053E-05 7.51326E-03 5.48320E+00
7.07124E+02 8.33682E-06 6.12947E-03 4.51044E+00
7.15252E+02 6.65449E-06 4.93321E-03 3.65980E+00
7.23380E+02 5.22194E-06 3.90293E-03 2.91882E+00
7.31508E+02 4.02140E-06 3.02976E-03 2.28375E+00
7.39636E+02 3.01858E-06 2.29225E-03 1.74135E+00
7.47764E+02 2.19933E-06 1.68308E-03 1.28838E+00
7.55892E+02 1.53898E-06 1.18671E-03 9.15268E-01
7.64019E+02 1.01751E-06 7.90499E-04 6.14223E-01
7.72147E+02 6.22854E-07 4.87436E-04 3.81496E-01
7.80275E+02 3.35814E-07 2.64698E-04 2.08654E-01
7.88403E+02 1.44293E-07 1.14540E-04 9.09237E-02
7.96531E+02 3.60292E-08 2.87976E-05 2.30176E-02
8.04659E+02 0.00000E+00 0.00000E+00 0.00000E+00
