100 2
0.00000E+00 3.37588E-03 1.00001E+00 3.62631E+02
8.15466E+00 3.37509E-03 1.00001E+00 3.62631E+02
1.63093E+01 3.36902E-03 9.99931E-01 3.62630E+02
2.44640E+01 3.36165E-03 9.99777E-01 3.62627E+02
3.26187E+01 3.34932E-03 9.99422E-01 3.62617E+02
4.07733E+01 3.33539E-03 9.98909E-01 3.62598E+02
4.89280E+01 3.31629E-03 9.98049E-01 3.62559E+02
5.70826E+01 3.29568E-03 9.96954E-01 3.62501E+02
6.52373E+01 3.27024E-03 9.95395E-01 3.62405E+02
7.33920E+01 3.24331E-03 9.93526E-01 3.62275E+02
8.15466E+01 3.21146E-03 9.91056E-01 3.62083E+02
8.97013E+01 3.17843E-03 9.88225E-01 3.61841E+02
9.78560E+01 3.14048E-03 9.84663E-01 3.61506E+02
1.06011E+02 3.10134E-03 9.80670E-01 3.61099E+02
1.14165E+02 3.05779E-03 9.75875E-01 3.60570E+02
1.22320E+02 3.01302E-03 9.70579E-01 3.59944E+02
1.30475E+02 2.96382E-03 9.64362E-01 3.59158E+02
1.38629E+02 2.91289E-03 9.57504E-01 3.58234E+02
1.46784E+02 2.85960E-03 9.49901E-01 3.57149E+02
1.54939E+02 2.80295E-03 9.41351E-01 3.55858E+02
1.63093E+02 2.74530E-03 9.32183E-01 3.54400E+02
1.71248E+02 2.68425E-03 9.21976E-01 3.52693E+02
1.79403E+02 2.62180E-03 9.11022E-01 3.50771E+02
1.87557E+02 2.55785E-03 8.99289E-01 3.48618E+02
1.95712E+02 2.49122E-03 8.86519E-01 3.46171E+02
2.03867E+02 2.42337E-03 8.72960E-01 3.43460E+02
2.12021E+02 2.35470E-03 8.58677E-01 3.40489E+02
2.20176E+02 2.28464E-03 8.43538E-01 3.37218E+02
2.28331E+02 2.21301E-03 8.27478E-01 3.33616E+02
2.36485E+02 2.14070E-03 8.10673E-01 3.29710E+02
2.44640E+02 2.06743E-03 7.93046E-01 3.25470E+02
2.52795E+02 1.99397E-03 7.74776E-01 3.20925E+02
2.60949E+02 1.92018E-03 7.55820E-01 3.16056E+02
2.69104E+02 1.84609E-03 7.36186E-01 3.10852E+02
2.77259E+02 1.77225E-03 7.16014E-01 3.05341E+02
2.85413E+02 1.69849E-03 6.95264E-01 2.99503E+02
2.93568E+02 1.62528E-03 6.74070E-01 2.93367E+02
3.01723E+02 1.55272E-03 6.52473E-01 2.86938E+02
3.09877E+02 1.48095E-03 6.30526E-01 2.80227E+02
3.18032E+02 1.41001E-03 6.08257E-01 2.73235E+02
3.26187E+02 1.34034E-03 5.85814E-01 2.66006E+02
3.34341E+02 1.27191E-03 5.63217E-01 2.58543E+02
3.42496E+02 1.20489E-03 5.40537E-01 2.50867E+02
3.50651E+02 1.13929E-03 5.17804E-01 2.42989E+02
3.58805E+02 1.07543E-03 4.95151E-01 2.34953E+02
3.66960E+02 1.01327E-03 4.72595E-01 2.26769E+02
3.75114E+02 9.52906E-04 4.50200E-01 2.18459E+02
3.83269E+02 8.94524E-04 4.28063E-01 2.10065E+02
3.91424E+02 8.38112E-04 4.06213E-01 2.01602E+02
3.99578E+02 7.83784E-04 3.84728E-01 1.93105E+02
4.07733E+02 7.31516E-04 3.63631E-01 1.84589E+02
4.15888E+02 6.81470E-04 3.43023E-01 1.76103E+02
4.24042E+02 6.33527E-04 3.22891E-01 1.67649E+02
4.32197E+02 5.87793E-04 3.03313E-01 1.59267E+02
4.40352E+02 5.44183E-04 2.84288E-01 1.50968E+02
4.48506E+02 5.02792E-04 2.65894E-01 1.42793E+02
4.56661E+02 4.63675E-04 2.48192E-01 1.34782E+02
4.64816E+02 4.26605E-04 2.31114E-01 1.26914E+02
4.72970E+02 3.91636E-04 2.14719E-01 1.19227E+02
4.81125E+02 3.58722E-04 1.99019E-01 1.11738E+02
4.89280E+02 3.27907E-04 1.84068E-01 1.04484E+02
4.97434E+02 2.99013E-04 1.69815E-01 9.74529E+01
5.05589E+02 2.72049E-04 1.56294E-01 9.06724E+01
5.13744E+02 2.46858E-04 1.43455E-01 8.41297E+01
5.21898E+02 2.23537E-04 1.31381E-01 7.78774E+01
5.30053E+02 2.01876E-04 1.19988E-01 7.18859E+01
5.38208E+02 1.81830E-04 1.09282E-01 6.61678E+01
5.46362E+02 1.63433E-04 9.93068E-02 6.07588E+01
5.54517E+02 1.46400E-04 8.99325E-02 5.55994E+01
5.62672E+02 1.30766E-04 8.12004E-02 5.07220E+01
5.70826E+02 1.16550E-04 7.31444E-02 4.61567E+01
5.78981E+02 1.03505E-04 6.56458E-02 4.18462E+01
5.87136E+02 9.15935E-05 5.87011E-02 3.77974E+01
5.95290E+02 8.08627E-05 5.23575E-02 3.40473E+01
6.03445E+02 7.11085E-05 4.65119E-02 3.05440E+01
6.11600E+02 6.22894E-05 4.11548E-02 2.72898E+01
6.19754E+02 5.43361E-05 3.62586E-02 2.42756E+01
6.27909E+02 4.72367E-05 3.18302E-02 2.15133E+01
6.36064E+02 4.08760E-05 2.78108E-02 1.89733E+01
6.44218E+02 3.51900E-05 2.41715E-02 1.66439E+01
6.52373E+02 3.01293E-05 2.08910E-02 1.45174E+01
6.60528E+02 2.56722E-05 1.79655E-02 1.25971E+01
6.68682E+02 2.17314E-05 1.53468E-02 1.08570E+01
6.76837E+02 1.82544E-05 1.30079E-02 9.28370E+00
6.84992E+02 1.52148E-05 1.09385E-02 7.87471E+00
6.93146E+02 1.25751E-05 9.11977E-03 6.62164E+00
7.01301E+02 1.03014E-05 7.53469E-03 5.51663E+00
7.09456E+02 8.32707E-06 6.14230E-03 4.53463E+00
7.17610E+02 6.63865E-06 4.93774E-03 3.67527E+00
7.25765E+02 5.20892E-06 3.90607E-03 2.93082E+00
7.33920E+02 4.01021E-06 3.03133E-03 2.29248E+00
7.42074E+02 3.01505E-06 2.29704E-03 1.75067E+00
7.50229E+02 2.19645E-06 1.68636E-03 1.29511E+00
7.58384E+02 1.53680E-06 1.18891E-03 9.19959E-01
7.66538E+02 1.01659E-06 7.92356E-04 6.17675E-01
7.74693E+02 6.22227E-07 4.88537E-04 3.83607E-01
7.82848E+02 3.35364E-07 2.65209E-04 2.09741E-01
7.91002E+02 1.44042E-07 1.14716E-04 9.13624E-02
7.99157E+02 3.54818E-08 2.84547E-05 2.28194E-02
8.07312E+02 0.00000E+00 0.00000E+00 0.00000E+00
