100 2
0.00000E+00 3.52948E-03 1.00001E+00 3.49322E+02
7.95124E+00 3.52699E-03 9.99999E-01 3.49322E+02
1.59025E+01 3.52212E-03 9.99937E-01 3.49321E+02
2.38537E+01 3.51193E-03 9.99731E-01 3.49317E+02
3.18050E+01 3.49940E-03 9.99377E-01 3.49307E+02
3.97562E+01 3.48193E-03 9.98749E-01 3.49284E+02
4.77074E+01 3.46194E-03 9.97870E-01 3.49245E+02
5.56587E+01 3.43740E-03 9.96600E-01 3.49179E+02
6.36099E+01 3.41025E-03 9.94979E-01 3.49082E+02
7.15612E+01 3.37872E-03 9.92850E-01 3.48939E+02
7.95124E+01 3.34389E-03 9.90217E-01 3.48739E+02
8.74636E+01 3.30585E-03 9.87043E-01 3.48474E+02
9.54149E+01 3.26380E-03 9.83197E-01 3.48122E+02
1.03366E+02 3.21924E-03 9.78766E-01 3.47682E+02
1.11317E+02 3.17091E-03 9.73576E-01 3.47124E+02
1.19269E+02 3.12055E-03 9.67766E-01 3.46453E+02
1.27220E+02 3.06695E-03 9.61160E-01 3.45639E+02
1.35171E+02 3.01035E-03 9.53731E-01 3.44663E+02
1.43122E+02 2.95145E-03 9.45535E-01 3.43523E+02
1.51074E+02 2.88941E-03 9.36407E-01 3.42179E+02
1.59025E+02 2.82630E-03 9.26619E-01 3.40661E+02
1.66976E+02 2.76006E-03 9.15822E-01 3.38901E+02
1.74927E+02 2.69193E-03 9.04175E-01 3.36909E+02
1.82879E+02 2.62207E-03 8.91673E-01 3.34671E+02
1.90830E+02 2.55098E-03 8.78388E-01 3.32188E+02
1.98781E+02 2.47820E-03 8.64209E-01 3.29426E+02
2.06732E+02 2.40404E-03 8.49173E-01 3.26377E+02
2.14683E+02 2.32882E-03 8.33324E-01 3.23037E+02
2.22635E+02 2.25278E-03 8.16696E-01 3.19401E+02
2.30586E+02 2.17602E-03 7.99302E-01 3.15459E+02
2.38537E+02 2.09889E-03 7.81210E-01 3.11215E+02
2.46488E+02 2.02136E-03 7.62409E-01 3.06655E+02
2.54440E+02 1.94383E-03 7.42992E-01 3.01791E+02
2.62391E+02 1.86633E-03 7.22963E-01 2.96615E+02
2.70342E+02 1.78924E-03 7.02430E-01 2.91145E+02
2.78293E+02 1.71257E-03 6.81399E-01 2.85376E+02
2.86245E+02 1.63662E-03 6.59961E-01 2.79324E+02
2.94196E+02 1.56144E-03 6.38143E-01 2.72992E+02
3.02147E+02 1.48738E-03 6.16059E-01 2.66407E+02
3.10098E+02 1.41435E-03 5.93704E-01 2.59564E+02
3.18050E+02 1.34276E-03 5.71221E-01 2.52502E+02
3.26001E+02 1.27261E-03 5.48633E-01 2.45228E+02
3.33952E+02 1.20426E-03 5.26077E-01 2.37785E+02
3.41903E+02 1.13747E-03 5.03509E-01 2.30159E+02
3.49855E+02 1.07262E-03 4.81081E-01 2.22401E+02
3.57806E+02 1.00962E-03 4.58792E-01 2.14515E+02
3.65757E+02 9.48696E-04 4.36751E-01 2.06541E+02
3.73708E+02 8.89824E-04 4.14985E-01 1.98494E+02
3.81659E+02 8.33079E-04 3.93555E-01 1.90400E+02
3.89611E+02 7.78521E-04 3.72518E-01 1.82288E+02
3.97562E+02 7.26164E-04 3.51913E-01 1.74178E+02
4.05513E+02 6.75991E-04 3.31768E-01 1.66090E+02
4.13464E+02 6.28104E-04 3.12160E-01 1.58061E+02
4.21416E+02 5.82448E-04 2.93103E-01 1.50106E+02
4.29367E+02 5.39177E-04 2.74696E-01 1.42277E+02
4.37318E+02 4.98002E-04 2.56855E-01 1.34546E+02
4.45269E+02 4.59102E-04 2.39690E-01 1.26971E+02
4.53221E+02 4.22275E-04 2.23148E-01 1.19540E+02
4.61172E+02 3.87671E-04 2.07328E-01 1.12308E+02
4.69123E+02 3.55099E-04 1.92179E-01 1.05262E+02
4.77074E+02 3.24609E-04 1.77755E-01 9.84383E+01
4.85026E+02 2.96044E-04 1.64015E-01 9.18293E+01
4.92977E+02 2.69373E-04 1.50975E-01 8.54529E+01
5.00928E+02 2.44536E-04 1.38633E-01 7.93201E+01
5.08879E+02 2.21509E-04 1.27008E-01 7.34509E+01
5.16831E+02 2.00142E-04 1.16051E-01 6.78324E+01
5.24782E+02 1.80340E-04 1.05739E-01 6.24623E+01
5.32733E+02 1.62119E-04 9.61057E-02 5.73691E+01
5.40684E+02 1.45334E-04 8.70982E-02 5.25352E+01
5.48636E+02 1.29954E-04 7.87224E-02 4.79737E+01
5.56587E+02 1.15838E-04 7.09225E-02 4.36638E+01
5.64538E+02 1.02962E-04 6.37053E-02 3.96185E+01
5.72489E+02 9.12396E-05 5.70419E-02 3.58307E+01
5.80440E+02 8.05928E-05 5.09052E-02 3.22935E+01
5.88392E+02 7.09228E-05 4.52546E-02 2.89915E+01
5.96343E+02 6.21968E-05 4.00862E-02 2.59303E+01
6.04294E+02 5.43472E-05 3.53746E-02 2.31021E+01
6.12245E+02 4.72620E-05 3.10653E-02 2.04812E+01
6.20197E+02 4.09330E-05 2.71657E-02 1.80784E+01
6.28148E+02 3.52864E-05 2.36416E-02 1.58789E+01
6.36099E+02 3.02557E-05 2.04618E-02 1.38691E+01
6.44050E+02 2.57991E-05 1.76096E-02 1.20436E+01
6.52002E+02 2.18626E-05 1.50589E-02 1.03909E+01
6.59953E+02 1.83986E-05 1.27868E-02 8.90055E+00
6.67904E+02 1.53642E-05 1.07725E-02 7.56333E+00
6.75855E+02 1.27127E-05 8.99123E-03 6.36667E+00
6.83807E+02 1.04156E-05 7.42978E-03 5.30527E+00
6.91758E+02 8.43818E-06 6.06992E-03 4.37011E+00
6.99709E+02 6.73851E-06 4.88759E-03 3.54763E+00
7.07660E+02 5.29970E-06 3.87527E-03 2.83539E+00
7.15612E+02 4.08208E-06 3.00893E-03 2.21896E+00
7.23563E+02 3.07033E-06 2.28101E-03 1.69524E+00
7.31514E+02 2.23801E-06 1.67557E-03 1.25483E+00
7.39465E+02 1.56817E-06 1.18299E-03 8.92610E-01
7.47416E+02 1.03956E-06 7.90082E-04 6.00564E-01
7.55368E+02 6.36169E-07 4.87049E-04 3.72918E-01
7.63319E+02 3.44154E-07 2.65376E-04 2.04641E-01
7.71270E+02 1.47939E-07 1.14882E-04 8.92132E-02
7.79221E+02 3.69896E-08 2.89229E-05 2.26155E-02
7.87173E+02 0.00000E+00 0.00000E+00 0.00000E+00
