100 2
0.00000E+00 3.51549E-03 1.00001E+00 3.50567E+02
7.97073E+00 3.51257E-03 1.00000E+00 3.50567E+02
1.59415E+01 3.50809E-03 9.99947E-01 3.50566E+02
2.39122E+01 3.49732E-03 9.99732E-01 3.50562E+02
3.18829E+01 3.48539E-03 9.99395E-01 3.50553E+02
3.98537E+01 3.46779E-03 9.98763E-01 3.50530E+02
4.78244E+01 3.44859E-03 9.97919E-01 3.50492E+02
5.57951E+01 3.42354E-03 9.96622E-01 3.50425E+02
6.37659E+01 3.39658E-03 9.95005E-01 3.50328E+02
7.17366E+01 3.36484E-03 9.92854E-01 3.50182E+02
7.97073E+01 3.33069E-03 9.90261E-01 3.49985E+02
8.76780E+01 3.29312E-03 9.87116E-01 3.49722E+02
9.56488E+01 3.25176E-03 9.83319E-01 3.49373E+02
1.03620E+02 3.20813E-03 9.78973E-01 3.48940E+02
1.11590E+02 3.16009E-03 9.73801E-01 3.48383E+02
1.19561E+02 3.11090E-03 9.68115E-01 3.47725E+02
1.27532E+02 3.05647E-03 9.61392E-01 3.46894E+02
1.35502E+02 3.00087E-03 9.54074E-01 3.45931E+02
1.43473E+02 2.94270E-03 9.45960E-01 3.44799E+02
1.51444E+02 2.88102E-03 9.36863E-01 3.43457E+02
1.59415E+02 2.81843E-03 9.27131E-01 3.41943E+02
1.67385E+02 2.75311E-03 9.16461E-01 3.40200E+02
1.75356E+02 2.68488E-03 9.04767E-01 3.38195E+02
1.83327E+02 2.61565E-03 8.92346E-01 3.35967E+02
1.91298E+02 2.54552E-03 8.79210E-01 3.33505E+02
1.99268E+02 2.47314E-03 8.65078E-01 3.30746E+02
2.07239E+02 2.39943E-03 8.50098E-01 3.27701E+02
2.15210E+02 2.32470E-03 8.34315E-01 3.24368E+02
2.23180E+02 2.24901E-03 8.17727E-01 3.20731E+02
2.31151E+02 2.17236E-03 8.00314E-01 3.16775E+02
2.39122E+02 2.09558E-03 7.82258E-01 3.12529E+02
2.47093E+02 2.01858E-03 7.63539E-01 3.07978E+02
2.55063E+02 1.94139E-03 7.44157E-01 3.03111E+02
2.63034E+02 1.86426E-03 7.24177E-01 2.97935E+02
2.71005E+02 1.78747E-03 7.03672E-01 2.92459E+02
2.78976E+02 1.71110E-03 6.82673E-01 2.86684E+02
2.86946E+02 1.63536E-03 6.61240E-01 2.80619E+02
2.94917E+02 1.56044E-03 6.39444E-01 2.74278E+02
3.02888E+02 1.48655E-03 6.17361E-01 2.67677E+02
3.10859E+02 1.41381E-03 5.95037E-01 2.60826E+02
3.18829E+02 1.34242E-03 5.72563E-01 2.53750E+02
3.26800E+02 1.27247E-03 5.49983E-01 2.46461E+02
3.34771E+02 1.20417E-03 5.27392E-01 2.38988E+02
3.42741E+02 1.13749E-03 5.04803E-01 2.31336E+02
3.50712E+02 1.07276E-03 4.82363E-01 2.23556E+02
3.58683E+02 1.00981E-03 4.60033E-01 2.15636E+02
3.66654E+02 9.48914E-04 4.37951E-01 2.07627E+02
3.74624E+02 8.90140E-04 4.16168E-01 1.99554E+02
3.82595E+02 8.33401E-04 3.94688E-01 1.91421E+02
3.90566E+02 7.78881E-04 3.73613E-01 1.83274E+02
3.98537E+02 7.26554E-04 3.52969E-01 1.75130E+02
4.06507E+02 6.76409E-04 3.32786E-01 1.67006E+02
4.14478E+02 6.28541E-04 3.13138E-01 1.58941E+02
4.22449E+02 5.82898E-04 2.94039E-01 1.50949E+02
4.30420E+02 5.39626E-04 2.75589E-01 1.43082E+02
4.38390E+02 4.98426E-04 2.57693E-01 1.35308E+02
4.46361E+02 4.59454E-04 2.40455E-01 1.27683E+02
4.54332E+02 4.22603E-04 2.23860E-01 1.20210E+02
4.62302E+02 3.87953E-04 2.07981E-01 1.12933E+02
4.70273E+02 3.55444E-04 1.92823E-01 1.05866E+02
4.78244E+02 3.24840E-04 1.78311E-01 9.89834E+01
4.86215E+02 2.96284E-04 1.64542E-01 9.23441E+01
4.94185E+02 2.69542E-04 1.51434E-01 8.59191E+01
5.02156E+02 2.44739E-04 1.39079E-01 7.97646E+01
5.10127E+02 2.21614E-04 1.27376E-01 7.38415E+01
5.18098E+02 2.00260E-04 1.16398E-01 6.81986E+01
5.26068E+02 1.80429E-04 1.06046E-01 6.27943E+01
5.34039E+02 1.62192E-04 9.63803E-02 5.76713E+01
5.42010E+02 1.45388E-04 8.73402E-02 5.28079E+01
5.49980E+02 1.30003E-04 7.89412E-02 4.82224E+01
5.57951E+02 1.15874E-04 7.11152E-02 4.38876E+01
5.65922E+02 1.02973E-04 6.38663E-02 3.98145E+01
5.73893E+02 9.12368E-05 5.71783E-02 3.60032E+01
5.81863E+02 8.05813E-05 5.10214E-02 3.24456E+01
5.89834E+02 7.09335E-05 4.53699E-02 2.91350E+01
5.97805E+02 6.21891E-05 4.01779E-02 2.60522E+01
6.05776E+02 5.43091E-05 3.54363E-02 2.31990E+01
6.13746E+02 4.72416E-05 3.11272E-02 2.05717E+01
6.21717E+02 4.09252E-05 2.72257E-02 1.81618E+01
6.29688E+02 3.52691E-05 2.36871E-02 1.59479E+01
6.37659E+02 3.02412E-05 2.05014E-02 1.39294E+01
6.45629E+02 2.57930E-05 1.76476E-02 1.20985E+01
6.53600E+02 2.18507E-05 1.50869E-02 1.04352E+01
6.61571E+02 1.83836E-05 1.28073E-02 8.93639E+00
6.69541E+02 1.53486E-05 1.07877E-02 7.59235E+00
6.77512E+02 1.26960E-05 9.00125E-03 6.38929E+00
6.85483E+02 1.04027E-05 7.43861E-03 5.32448E+00
6.93454E+02 8.42455E-06 6.07492E-03 4.38438E+00
7.01424E+02 6.73138E-06 4.89422E-03 3.56104E+00
7.09395E+02 5.29006E-06 3.87767E-03 2.84407E+00
7.17366E+02 4.07470E-06 3.01082E-03 2.22578E+00
7.25337E+02 3.06766E-06 2.28452E-03 1.70196E+00
7.33307E+02 2.23900E-06 1.68030E-03 1.26139E+00
7.41278E+02 1.56750E-06 1.18534E-03 8.96541E-01
7.49249E+02 1.04017E-06 7.92445E-04 6.03805E-01
7.57220E+02 6.36986E-07 4.88844E-04 3.75191E-01
7.65190E+02 3.44245E-07 2.66089E-04 2.05688E-01
7.73161E+02 1.49062E-07 1.16029E-04 9.03193E-02
7.81132E+02 3.72739E-08 2.92154E-05 2.28993E-02
7.89102E+02 0.00000E+00 0.00000E+00 0.00000E+00
