100 2
0.00000E+00 3.42019E-03 1.00001E+00 3.58716E+02
8.09589E+00 3.41854E-03 1.00000E+00 3.58716E+02
1.61918E+01 3.41321E-03 9.99936E-01 3.58715E+02
2.42877E+01 3.40458E-03 9.99757E-01 3.58712E+02
3.23836E+01 3.39249E-03 9.99410E-01 3.58702E+02
4.04795E+01 3.37739E-03 9.98857E-01 3.58681E+02
4.85753E+01 3.35812E-03 9.97996E-01 3.58643E+02
5.66712E+01 3.33594E-03 9.96824E-01 3.58581E+02
6.47671E+01 3.31068E-03 9.95286E-01 3.58487E+02
7.28630E+01 3.28181E-03 9.93297E-01 3.58350E+02
8.09589E+01 3.24962E-03 9.90819E-01 3.58159E+02
8.90548E+01 3.21461E-03 9.87839E-01 3.57905E+02
9.71507E+01 3.17631E-03 9.84271E-01 3.57572E+02
1.05247E+02 3.13509E-03 9.80099E-01 3.57150E+02
1.13342E+02 3.09059E-03 9.75233E-01 3.56618E+02
1.21438E+02 3.04367E-03 9.69725E-01 3.55970E+02
1.29534E+02 2.99365E-03 9.63447E-01 3.55182E+02
1.37630E+02 2.94096E-03 9.56407E-01 3.54242E+02
1.45726E+02 2.88562E-03 9.48565E-01 3.53130E+02
1.53822E+02 2.82819E-03 9.39963E-01 3.51841E+02
1.61918E+02 2.76838E-03 9.30519E-01 3.50350E+02
1.70014E+02 2.70624E-03 9.20207E-01 3.48638E+02
1.78110E+02 2.64192E-03 9.09009E-01 3.46688E+02
1.86205E+02 2.57622E-03 8.97040E-01 3.44507E+02
1.94301E+02 2.50817E-03 8.84092E-01 3.42043E+02
2.02397E+02 2.43948E-03 8.70466E-01 3.39340E+02
2.10493E+02 2.36856E-03 8.55827E-01 3.36318E+02
2.18589E+02 2.29671E-03 8.40411E-01 3.33009E+02
2.26685E+02 2.22398E-03 8.24216E-01 3.29403E+02
2.34781E+02 2.15048E-03 8.07256E-01 3.25489E+02
2.42877E+02 2.07619E-03 7.89512E-01 3.21251E+02
2.50973E+02 2.00160E-03 7.71093E-01 3.16702E+02
2.59069E+02 1.92668E-03 7.51988E-01 3.11830E+02
2.67164E+02 1.85167E-03 7.32251E-01 3.06636E+02
2.75260E+02 1.77690E-03 7.11974E-01 3.01136E+02
2.83356E+02 1.70227E-03 6.91130E-01 2.95314E+02
2.91452E+02 1.62822E-03 6.69847E-01 2.89197E+02
2.99548E+02 1.55484E-03 6.48163E-01 2.82789E+02
3.07644E+02 1.48234E-03 6.26154E-01 2.76107E+02
3.15740E+02 1.41091E-03 6.03890E-01 2.69167E+02
3.23836E+02 1.34073E-03 5.81449E-01 2.61991E+02
3.31932E+02 1.27181E-03 5.58850E-01 2.54581E+02
3.40027E+02 1.20439E-03 5.36201E-01 2.46972E+02
3.48123E+02 1.13853E-03 5.13542E-01 2.39175E+02
3.56219E+02 1.07433E-03 4.90933E-01 2.31213E+02
3.64315E+02 1.01187E-03 4.68434E-01 2.23108E+02
3.72411E+02 9.51375E-04 4.46149E-01 2.14899E+02
3.80507E+02 8.92888E-04 4.24133E-01 2.06611E+02
3.88603E+02 8.36346E-04 4.02391E-01 1.98250E+02
3.96699E+02 7.82034E-04 3.81067E-01 1.89877E+02
4.04795E+02 7.29703E-04 3.60097E-01 1.81474E+02
4.12890E+02 6.79625E-04 3.39624E-01 1.73105E+02
4.20986E+02 6.31715E-04 3.19650E-01 1.64777E+02
4.29082E+02 5.85960E-04 3.00204E-01 1.56512E+02
4.37178E+02 5.42529E-04 2.81394E-01 1.48365E+02
4.45274E+02 5.01281E-04 2.63196E-01 1.40336E+02
4.53370E+02 4.62170E-04 2.45624E-01 1.32441E+02
4.61466E+02 4.25156E-04 2.28695E-01 1.24698E+02
4.69562E+02 3.90300E-04 2.12470E-01 1.17145E+02
4.77658E+02 3.57570E-04 1.96970E-01 1.09805E+02
4.85753E+02 3.26798E-04 1.82149E-01 1.02666E+02
4.93849E+02 2.98006E-04 1.68048E-01 9.57598E+01
5.01945E+02 2.71129E-04 1.54666E-01 8.90977E+01
5.10041E+02 2.46082E-04 1.41994E-01 8.26860E+01
5.18137E+02 2.22826E-04 1.30040E-01 7.65407E+01
5.26233E+02 2.01254E-04 1.18776E-01 7.06593E+01
5.34329E+02 1.81336E-04 1.08215E-01 6.50594E+01
5.42425E+02 1.62932E-04 9.83073E-02 5.97259E+01
5.50521E+02 1.46046E-04 8.90810E-02 5.46845E+01
5.58616E+02 1.30473E-04 8.04452E-02 4.98958E+01
5.66712E+02 1.16268E-04 7.24539E-02 4.53997E+01
5.74808E+02 1.03293E-04 6.50489E-02 4.11736E+01
5.82904E+02 9.14739E-05 5.82081E-02 3.72142E+01
5.91000E+02 8.07406E-05 5.19090E-02 3.35173E+01
5.99096E+02 7.10341E-05 4.61339E-02 3.00813E+01
6.07192E+02 6.22236E-05 4.08206E-02 2.68770E+01
6.15288E+02 5.43192E-05 3.59896E-02 2.39244E+01
6.23384E+02 4.72384E-05 3.16048E-02 2.12090E+01
6.31479E+02 4.08763E-05 2.76135E-02 1.87051E+01
6.39575E+02 3.52058E-05 2.40103E-02 1.64154E+01
6.47671E+02 3.01657E-05 2.07668E-02 1.43280E+01
6.55767E+02 2.57039E-05 1.78593E-02 1.24334E+01
6.63863E+02 2.17505E-05 1.52512E-02 1.07128E+01
6.71959E+02 1.82850E-05 1.29368E-02 9.16713E+00
6.80055E+02 1.52531E-05 1.08875E-02 7.78192E+00
6.88151E+02 1.26103E-05 9.07977E-03 6.54540E+00
6.96247E+02 1.03270E-05 7.49950E-03 5.45168E+00
7.04342E+02 8.34942E-06 6.11482E-03 4.48212E+00
7.12438E+02 6.66763E-06 4.92363E-03 3.63842E+00
7.20534E+02 5.23303E-06 3.89593E-03 2.90219E+00
7.28630E+02 4.02832E-06 3.02315E-03 2.26988E+00
7.36726E+02 3.02799E-06 2.29035E-03 1.73306E+00
7.44822E+02 2.20753E-06 1.68270E-03 1.28301E+00
7.52918E+02 1.54359E-06 1.18559E-03 9.10817E-01
7.61014E+02 1.02248E-06 7.91218E-04 6.12352E-01
7.69110E+02 6.24548E-07 4.86847E-04 3.79542E-01
7.77206E+02 3.37277E-07 2.64804E-04 2.07916E-01
7.85301E+02 1.44162E-07 1.13989E-04 9.01339E-02
7.93397E+02 3.59708E-08 2.86385E-05 2.28009E-02
8.01493E+02 0.00000E+00 0.00000E+00 0.00000E+00
