100 2
0.00000E+00 3.57003E-03 1.00001E+00 3.46041E+02
7.89939E+00 3.56644E-03 1.00000E+00 3.46041E+02
1.57988E+01 3.56200E-03 9.99947E-01 3.46041E+02
2.36982E+01 3.55049E-03 9.99719E-01 3.46036E+02
3.15976E+01 3.53817E-03 9.99373E-01 3.46026E+02
3.94969E+01 3.51996E-03 9.98726E-01 3.46003E+02
4.73963E+01 3.49943E-03 9.97829E-01 3.45964E+02
5.52957E+01 3.47358E-03 9.96502E-01 3.45895E+02
6.31951E+01 3.44496E-03 9.94797E-01 3.45794E+02
7.10945E+01 3.41319E-03 9.92663E-01 3.45650E+02
7.89939E+01 3.37700E-03 9.89940E-01 3.45445E+02
8.68933E+01 3.33888E-03 9.86779E-01 3.45183E+02
9.47927E+01 3.29453E-03 9.82747E-01 3.44816E+02
1.02692E+02 3.25031E-03 9.78376E-01 3.44384E+02
1.10591E+02 3.20017E-03 9.73031E-01 3.43814E+02
1.18491E+02 3.14776E-03 9.67021E-01 3.43124E+02
1.26390E+02 3.09404E-03 9.60444E-01 3.42319E+02
1.34290E+02 3.03501E-03 9.52748E-01 3.41315E+02
1.42189E+02 2.97539E-03 9.44503E-01 3.40174E+02
1.50088E+02 2.91229E-03 9.35283E-01 3.38827E+02
1.57988E+02 2.84655E-03 9.25154E-01 3.37266E+02
1.65887E+02 2.77943E-03 9.14279E-01 3.35504E+02
1.73787E+02 2.71092E-03 9.02645E-01 3.33528E+02
1.81686E+02 2.63941E-03 8.89939E-01 3.31270E+02
1.89585E+02 2.56638E-03 8.76381E-01 3.28752E+02
1.97485E+02 2.49198E-03 8.61981E-01 3.25965E+02
2.05384E+02 2.41664E-03 8.46800E-01 3.22906E+02
2.13283E+02 2.34061E-03 8.30883E-01 3.19573E+02
2.21183E+02 2.26336E-03 8.14103E-01 3.15927E+02
2.29082E+02 2.18570E-03 7.96618E-01 3.11991E+02
2.36982E+02 2.10725E-03 7.78338E-01 3.07730E+02
2.44881E+02 2.02878E-03 7.59432E-01 3.03175E+02
2.52780E+02 1.95039E-03 7.39925E-01 2.98321E+02
2.60680E+02 1.87209E-03 7.19825E-01 2.93160E+02
2.68579E+02 1.79409E-03 6.99182E-01 2.87697E+02
2.76479E+02 1.71675E-03 6.78106E-01 2.81953E+02
2.84378E+02 1.64004E-03 6.56594E-01 2.75920E+02
2.92277E+02 1.56426E-03 6.34747E-01 2.69621E+02
3.00177E+02 1.48961E-03 6.12635E-01 2.63070E+02
3.08076E+02 1.41605E-03 5.90263E-01 2.56267E+02
3.15976E+02 1.34401E-03 5.67785E-01 2.49253E+02
3.23875E+02 1.27352E-03 5.45234E-01 2.42038E+02
3.31774E+02 1.20465E-03 5.22661E-01 2.34638E+02
3.39674E+02 1.13760E-03 5.00150E-01 2.27081E+02
3.47573E+02 1.07250E-03 4.77781E-01 2.19394E+02
3.55472E+02 1.00918E-03 4.55525E-01 2.11571E+02
3.63372E+02 9.48030E-04 4.33547E-01 2.03671E+02
3.71271E+02 8.89120E-04 4.11909E-01 1.95724E+02
3.79171E+02 8.32196E-04 3.90552E-01 1.87710E+02
3.87070E+02 7.77538E-04 3.69612E-01 1.79688E+02
3.94969E+02 7.25133E-04 3.49122E-01 1.71676E+02
4.02869E+02 6.74951E-04 3.29105E-01 1.63691E+02
4.10768E+02 6.27208E-04 3.09683E-01 1.55790E+02
4.18668E+02 5.81497E-04 2.90728E-01 1.47929E+02
4.26567E+02 5.38246E-04 2.72451E-01 1.40206E+02
4.34466E+02 4.97047E-04 2.54715E-01 1.32571E+02
4.42366E+02 4.58232E-04 2.37699E-01 1.25111E+02
4.50265E+02 4.21519E-04 2.21315E-01 1.17799E+02
4.58164E+02 3.86909E-04 2.05596E-01 1.10660E+02
4.66064E+02 3.54469E-04 1.90606E-01 1.03733E+02
4.73963E+02 3.23943E-04 1.76260E-01 9.69906E+01
4.81863E+02 2.95496E-04 1.62666E-01 9.04942E+01
4.89762E+02 2.68889E-04 1.49742E-01 8.42158E+01
4.97661E+02 2.44082E-04 1.37495E-01 7.81699E+01
5.05561E+02 2.21088E-04 1.25962E-01 7.23851E+01
5.13460E+02 1.99811E-04 1.15122E-01 6.68623E+01
5.21360E+02 1.80073E-04 1.04910E-01 6.15793E+01
5.29259E+02 1.61886E-04 9.53577E-02 5.65615E+01
5.37158E+02 1.45170E-04 8.64451E-02 5.18096E+01
5.45058E+02 1.29829E-04 7.81448E-02 4.73186E+01
5.52957E+02 1.15771E-04 7.04281E-02 4.30826E+01
5.60857E+02 1.02904E-04 6.32629E-02 3.90926E+01
5.68756E+02 9.12181E-05 5.66636E-02 3.53657E+01
5.76655E+02 8.05884E-05 5.05767E-02 3.18801E+01
5.84555E+02 7.09448E-05 4.49784E-02 2.86301E+01
5.92454E+02 6.22384E-05 3.98553E-02 2.56155E+01
6.00353E+02 5.43838E-05 3.51714E-02 2.28223E+01
6.08253E+02 4.73259E-05 3.09069E-02 2.02456E+01
6.16152E+02 4.10097E-05 2.70407E-02 1.78790E+01
6.24052E+02 3.53630E-05 2.35397E-02 1.57083E+01
6.31951E+02 3.03323E-05 2.03808E-02 1.37248E+01
6.39850E+02 2.58678E-05 1.75423E-02 1.19200E+01
6.47750E+02 2.19233E-05 1.50031E-02 1.02855E+01
6.55649E+02 1.84524E-05 1.27414E-02 8.81166E+00
6.63549E+02 1.54140E-05 1.07375E-02 7.49005E+00
6.71448E+02 1.27636E-05 8.96863E-03 6.30946E+00
6.79347E+02 1.04604E-05 7.41330E-03 5.25914E+00
6.87247E+02 8.47112E-06 6.05420E-03 4.33059E+00
6.95146E+02 6.77298E-06 4.88062E-03 3.51953E+00
7.03046E+02 5.32751E-06 3.87028E-03 2.81332E+00
7.10945E+02 4.10657E-06 3.00725E-03 2.20327E+00
7.18844E+02 3.09153E-06 2.28175E-03 1.68472E+00
7.26744E+02 2.25538E-06 1.67752E-03 1.24807E+00
7.34643E+02 1.58090E-06 1.18479E-03 8.88121E-01
7.42542E+02 1.05010E-06 7.92849E-04 5.98710E-01
7.50442E+02 6.44599E-07 4.90249E-04 3.72893E-01
7.58341E+02 3.48454E-07 2.66927E-04 2.04486E-01
7.66241E+02 1.50254E-07 1.15913E-04 8.94233E-02
7.74140E+02 3.77271E-08 2.93060E-05 2.27647E-02
7.82039E+02 0.00000E+00 0.00000E+00 0.00000E+00
