100 2
0.00000E+00 3.35432E-03 1.00001E+00 3.64649E+02
8.18463E+00 3.35169E-03 1.00000E+00 3.64649E+02
1.63693E+01 3.34782E-03 9.99949E-01 3.64648E+02
2.45539E+01 3.33870E-03 9.99759E-01 3.64644E+02
3.27385E+01 3.32843E-03 9.99462E-01 3.64635E+02
4.09232E+01 3.31291E-03 9.98887E-01 3.64614E+02
4.91078E+01 3.29611E-03 9.98130E-01 3.64580E+02
5.72924E+01 3.27411E-03 9.96956E-01 3.64517E+02
6.54771E+01 3.25110E-03 9.95544E-01 3.64430E+02
7.36617E+01 3.22259E-03 9.93557E-01 3.64292E+02
8.18463E+01 3.19329E-03 9.91277E-01 3.64114E+02
9.00310E+01 3.15902E-03 9.88330E-01 3.63860E+02
9.82156E+01 3.12371E-03 9.85005E-01 3.63547E+02
1.06400E+02 3.08328E-03 9.80867E-01 3.63123E+02
1.14585E+02 3.04214E-03 9.76320E-01 3.62620E+02
1.22769E+02 2.99602E-03 9.70844E-01 3.61970E+02
1.30954E+02 2.94950E-03 9.64938E-01 3.61220E+02
1.39139E+02 2.89851E-03 9.58054E-01 3.60290E+02
1.47323E+02 2.84573E-03 9.50487E-01 3.59205E+02
1.55508E+02 2.79131E-03 9.42250E-01 3.57958E+02
1.63693E+02 2.73276E-03 9.32903E-01 3.56466E+02
1.71877E+02 2.67415E-03 9.23067E-01 3.54815E+02
1.80062E+02 2.61179E-03 9.12096E-01 3.52884E+02
1.88247E+02 2.54783E-03 9.00313E-01 3.50713E+02
1.96431E+02 2.48348E-03 8.87935E-01 3.48332E+02
2.04616E+02 2.41629E-03 8.74467E-01 3.45632E+02
2.12800E+02 2.34706E-03 8.60016E-01 3.42615E+02
2.20985E+02 2.27751E-03 8.44926E-01 3.39341E+02
2.29170E+02 2.20698E-03 8.29048E-01 3.35766E+02
2.37354E+02 2.13530E-03 8.12327E-01 3.31864E+02
2.45539E+02 2.06283E-03 7.94826E-01 3.27638E+02
2.53724E+02 1.99029E-03 7.76717E-01 3.23117E+02
2.61908E+02 1.91685E-03 7.57783E-01 3.18235E+02
2.70093E+02 1.84341E-03 7.38249E-01 3.13039E+02
2.78277E+02 1.76993E-03 7.18101E-01 3.07514E+02
2.86462E+02 1.69665E-03 6.97411E-01 3.01672E+02
2.94647E+02 1.62382E-03 6.76249E-01 2.95522E+02
3.02831E+02 1.55170E-03 6.54703E-01 2.89085E+02
3.11016E+02 1.48022E-03 6.32765E-01 2.82352E+02
3.19201E+02 1.40972E-03 6.10551E-01 2.75352E+02
3.27385E+02 1.34028E-03 5.88102E-01 2.68094E+02
3.35570E+02 1.27209E-03 5.65500E-01 2.60602E+02
3.43755E+02 1.20523E-03 5.42791E-01 2.52889E+02
3.51939E+02 1.13980E-03 5.20033E-01 2.44973E+02
3.60124E+02 1.07604E-03 4.97334E-01 2.36891E+02
3.68308E+02 1.01396E-03 4.74724E-01 2.28656E+02
3.76493E+02 9.53784E-04 4.52316E-01 2.20311E+02
3.84678E+02 8.95436E-04 4.30111E-01 2.11861E+02
3.92862E+02 8.39083E-04 4.08204E-01 2.03344E+02
4.01047E+02 7.84774E-04 3.86647E-01 1.94787E+02
4.09232E+02 7.32477E-04 3.65461E-01 1.86204E+02
4.17416E+02 6.82401E-04 3.44765E-01 1.77650E+02
4.25601E+02 6.34466E-04 3.24561E-01 1.69134E+02
4.33786E+02 5.88728E-04 3.04909E-01 1.60690E+02
4.41970E+02 5.45188E-04 2.85846E-01 1.52344E+02
4.50155E+02 5.03715E-04 2.67348E-01 1.44093E+02
4.58339E+02 4.64515E-04 2.49544E-01 1.36006E+02
4.66524E+02 4.27343E-04 2.32356E-01 1.28058E+02
4.74709E+02 3.92329E-04 2.15879E-01 1.20304E+02
4.82893E+02 3.59419E-04 2.00123E-01 1.12761E+02
4.91078E+02 3.28465E-04 1.85050E-01 1.05421E+02
4.99263E+02 2.99567E-04 1.70742E-01 9.83368E+01
5.07447E+02 2.72514E-04 1.57126E-01 9.14836E+01
5.15632E+02 2.47287E-04 1.44223E-01 8.48835E+01
5.23816E+02 2.23929E-04 1.32084E-01 7.85751E+01
5.32001E+02 2.02222E-04 1.20626E-01 7.25268E+01
5.40186E+02 1.82152E-04 1.09867E-01 6.67596E+01
5.48370E+02 1.63643E-04 9.97944E-02 6.12776E+01
5.56555E+02 1.46610E-04 9.03855E-02 5.60800E+01
5.64740E+02 1.30990E-04 8.16294E-02 5.11715E+01
5.72924E+02 1.16655E-04 7.34761E-02 4.65340E+01
5.81109E+02 1.03618E-04 6.59539E-02 4.21940E+01
5.89294E+02 9.17096E-05 5.89860E-02 3.81168E+01
5.97478E+02 8.09357E-05 5.25937E-02 3.43240E+01
6.05663E+02 7.11508E-05 4.67081E-02 3.07838E+01
6.13847E+02 6.23203E-05 4.13243E-02 2.75013E+01
6.22032E+02 5.44030E-05 3.64325E-02 2.44788E+01
6.30217E+02 4.72565E-05 3.19585E-02 2.16779E+01
6.38401E+02 4.08850E-05 2.79175E-02 1.91149E+01
6.46586E+02 3.51934E-05 2.42612E-02 1.67661E+01
6.54771E+02 3.01327E-05 2.09687E-02 1.46240E+01
6.62955E+02 2.56522E-05 1.80171E-02 1.26794E+01
6.71140E+02 2.17005E-05 1.53814E-02 1.09215E+01
6.79324E+02 1.82447E-05 1.30482E-02 9.34619E+00
6.87509E+02 1.52080E-05 1.09732E-02 7.92829E+00
6.95694E+02 1.25647E-05 9.14529E-03 6.66428E+00
7.03878E+02 1.02774E-05 7.54492E-03 5.54450E+00
7.12063E+02 8.31085E-06 6.15282E-03 4.55906E+00
7.20248E+02 6.62874E-06 4.94835E-03 3.69660E+00
7.28432E+02 5.20345E-06 3.91613E-03 2.94903E+00
7.36617E+02 4.00256E-06 3.03660E-03 2.30486E+00
7.44802E+02 3.00478E-06 2.29766E-03 1.75761E+00
7.52986E+02 2.18927E-06 1.68704E-03 1.30040E+00
7.61171E+02 1.53235E-06 1.18981E-03 9.24037E-01
7.69355E+02 1.01180E-06 7.91543E-04 6.19323E-01
7.77540E+02 6.17542E-07 4.86667E-04 3.83565E-01
7.85725E+02 3.33353E-07 2.64595E-04 2.10030E-01
7.93909E+02 1.43260E-07 1.14514E-04 9.15379E-02
8.02094E+02 3.54090E-08 2.85005E-05 2.29400E-02
8.10279E+02 0.00000E+00 0.00000E+00 0.00000E+00
