100 2
0.00000E+00 3.48843E-03 1.00001E+00 3.52870E+02
8.00651E+00 3.48537E-03 1.00000E+00 3.52870E+02
1.60130E+01 3.48116E-03 9.99949E-01 3.52869E+02
2.40195E+01 3.47077E-03 9.99740E-01 3.52865E+02
3.20261E+01 3.45910E-03 9.99411E-01 3.52856E+02
4.00326E+01 3.44159E-03 9.98778E-01 3.52833E+02
4.80391E+01 3.42311E-03 9.97962E-01 3.52797E+02
5.60456E+01 3.39834E-03 9.96675E-01 3.52730E+02
6.40521E+01 3.37246E-03 9.95117E-01 3.52636E+02
7.20586E+01 3.34098E-03 9.92975E-01 3.52490E+02
8.00651E+01 3.30780E-03 9.90446E-01 3.52297E+02
8.80717E+01 3.27043E-03 9.87305E-01 3.52033E+02
9.60782E+01 3.23008E-03 9.83584E-01 3.51689E+02
1.04085E+02 3.18704E-03 9.79277E-01 3.51258E+02
1.12091E+02 3.14000E-03 9.74187E-01 3.50707E+02
1.20098E+02 3.09180E-03 9.68592E-01 3.50058E+02
1.28104E+02 3.03828E-03 9.61950E-01 3.49233E+02
1.36111E+02 2.98406E-03 9.54784E-01 3.48285E+02
1.44117E+02 2.92590E-03 9.46637E-01 3.47144E+02
1.52124E+02 2.86564E-03 9.37704E-01 3.45819E+02
1.60130E+02 2.80446E-03 9.28152E-01 3.44328E+02
1.68137E+02 2.73910E-03 9.17426E-01 3.42567E+02
1.76143E+02 2.67244E-03 9.05947E-01 3.40590E+02
1.84150E+02 2.60486E-03 8.93770E-01 3.38396E+02
1.92156E+02 2.53498E-03 8.80625E-01 3.35923E+02
2.00163E+02 2.46302E-03 8.66510E-01 3.33154E+02
2.08169E+02 2.38999E-03 8.51599E-01 3.30108E+02
2.16176E+02 2.31617E-03 8.35933E-01 3.26784E+02
2.24182E+02 2.24144E-03 8.19476E-01 3.23159E+02
2.32189E+02 2.16637E-03 8.02347E-01 3.19250E+02
2.40195E+02 2.08989E-03 7.84282E-01 3.14983E+02
2.48202E+02 2.01368E-03 7.65673E-01 3.10438E+02
2.56208E+02 1.93707E-03 7.46350E-01 3.05564E+02
2.64215E+02 1.86061E-03 7.26455E-01 3.00387E+02
2.72221E+02 1.78434E-03 7.05998E-01 2.94900E+02
2.80228E+02 1.70849E-03 6.85047E-01 2.89112E+02
2.88235E+02 1.63321E-03 6.63650E-01 2.83031E+02
2.96241E+02 1.55873E-03 6.41886E-01 2.76670E+02
3.04248E+02 1.48521E-03 6.19812E-01 2.70042E+02
3.12254E+02 1.41287E-03 5.97515E-01 2.63169E+02
3.20261E+02 1.34181E-03 5.75043E-01 2.56062E+02
3.28267E+02 1.27211E-03 5.52442E-01 2.48734E+02
3.36274E+02 1.20405E-03 5.29829E-01 2.41220E+02
3.44280E+02 1.13770E-03 5.07252E-01 2.33537E+02
3.52287E+02 1.07305E-03 4.84739E-01 2.25697E+02
3.60293E+02 1.01035E-03 4.62401E-01 2.17738E+02
3.68300E+02 9.49567E-04 4.40258E-01 2.09672E+02
3.76306E+02 8.90835E-04 4.18394E-01 2.01532E+02
3.84313E+02 8.34163E-04 3.96843E-01 1.93336E+02
3.92319E+02 7.79640E-04 3.75672E-01 1.85115E+02
4.00326E+02 7.27319E-04 3.54937E-01 1.76898E+02
4.08332E+02 6.77275E-04 3.34705E-01 1.68718E+02
4.16339E+02 6.29360E-04 3.14949E-01 1.60572E+02
4.24345E+02 5.83769E-04 2.95787E-01 1.52518E+02
4.32352E+02 5.40290E-04 2.77164E-01 1.44542E+02
4.40358E+02 4.99126E-04 2.59204E-01 1.36705E+02
4.48365E+02 4.60118E-04 2.41871E-01 1.29003E+02
4.56371E+02 4.23288E-04 2.25212E-01 1.21468E+02
4.64378E+02 3.88548E-04 2.09220E-01 1.14106E+02
4.72384E+02 3.55965E-04 1.93960E-01 1.06959E+02
4.80391E+02 3.25391E-04 1.79396E-01 1.00021E+02
4.88397E+02 2.96668E-04 1.65485E-01 9.32829E+01
4.96404E+02 2.69958E-04 1.52333E-01 8.68075E+01
5.04410E+02 2.45091E-04 1.39891E-01 8.05820E+01
5.12417E+02 2.21916E-04 1.28110E-01 7.45926E+01
5.20423E+02 2.00513E-04 1.17058E-01 6.88856E+01
5.28430E+02 1.80656E-04 1.06645E-01 6.34255E+01
5.36436E+02 1.62371E-04 9.69106E-02 5.82428E+01
5.44443E+02 1.45540E-04 8.78155E-02 5.33278E+01
5.52449E+02 1.30136E-04 7.93684E-02 4.86955E+01
5.60456E+02 1.15971E-04 7.14872E-02 4.43104E+01
5.68463E+02 1.03057E-04 6.41986E-02 4.01967E+01
5.76469E+02 9.12966E-05 5.74668E-02 3.63433E+01
5.84476E+02 8.06275E-05 5.12744E-02 3.27492E+01
5.92482E+02 7.09514E-05 4.55810E-02 2.93992E+01
6.00489E+02 6.21883E-05 4.03546E-02 2.62821E+01
6.08495E+02 5.43180E-05 3.55976E-02 2.34068E+01
6.16502E+02 4.72338E-05 3.12591E-02 2.07497E+01
6.24508E+02 4.09101E-05 2.73357E-02 1.83155E+01
6.32515E+02 3.52442E-05 2.37751E-02 1.60779E+01
6.40521E+02 3.02145E-05 2.05739E-02 1.40405E+01
6.48528E+02 2.57563E-05 1.77009E-02 1.21889E+01
6.56534E+02 2.18170E-05 1.51307E-02 1.05120E+01
6.64541E+02 1.83570E-05 1.28455E-02 9.00275E+00
6.72547E+02 1.53192E-05 1.08149E-02 7.64536E+00
6.80554E+02 1.26705E-05 9.02313E-03 6.43330E+00
6.88560E+02 1.03781E-05 7.45406E-03 5.35932E+00
6.96567E+02 8.40353E-06 6.08677E-03 4.41251E+00
7.04573E+02 6.71254E-06 4.90231E-03 3.58284E+00
7.12580E+02 5.27347E-06 3.88280E-03 2.86057E+00
7.20586E+02 4.05961E-06 3.01312E-03 2.23746E+00
7.28593E+02 3.05522E-06 2.28547E-03 1.71031E+00
7.36599E+02 2.22864E-06 1.68006E-03 1.26687E+00
7.44606E+02 1.56176E-06 1.18628E-03 9.01264E-01
7.52612E+02 1.03572E-06 7.92591E-04 6.06624E-01
7.60619E+02 6.33060E-07 4.88021E-04 3.76247E-01
7.68625E+02 3.42485E-07 2.65916E-04 2.06477E-01
7.76632E+02 1.47575E-07 1.15391E-04 9.02287E-02
7.84638E+02 3.71515E-08 2.92500E-05 2.30291E-02
7.92645E+02 0.00000E+00 0.00000E+00 0.00000E+00
