100 2
0.00000E+00 3.53166E-03 1.00001E+00 3.49174E+02
7.94892E+00 3.52889E-03 1.00000E+00 3.49174E+02
1.58978E+01 3.52414E-03 9.99941E-01 3.49173E+02
2.38468E+01 3.51382E-03 9.99734E-01 3.49169E+02
3.17957E+01 3.50144E-03 9.99386E-01 3.49159E+02
3.97446E+01 3.48370E-03 9.98751E-01 3.49136E+02
4.76935E+01 3.46394E-03 9.97883E-01 3.49098E+02
5.56424E+01 3.43896E-03 9.96593E-01 3.49031E+02
6.35913E+01 3.41148E-03 9.94949E-01 3.48933E+02
7.15403E+01 3.38016E-03 9.92835E-01 3.48790E+02
7.94892E+01 3.34466E-03 9.90148E-01 3.48586E+02
8.74381E+01 3.30717E-03 9.87018E-01 3.48325E+02
9.53870E+01 3.26493E-03 9.83154E-01 3.47971E+02
1.03336E+02 3.22112E-03 9.78800E-01 3.47538E+02
1.11285E+02 3.17198E-03 9.73525E-01 3.46972E+02
1.19234E+02 3.12225E-03 9.67789E-01 3.46310E+02
1.27183E+02 3.06797E-03 9.61103E-01 3.45486E+02
1.35132E+02 3.01095E-03 9.53619E-01 3.44503E+02
1.43081E+02 2.95296E-03 9.45552E-01 3.43381E+02
1.51029E+02 2.89036E-03 9.36346E-01 3.42027E+02
1.58978E+02 2.82672E-03 9.26475E-01 3.40495E+02
1.66927E+02 2.76129E-03 9.15814E-01 3.38758E+02
1.74876E+02 2.69293E-03 9.04132E-01 3.36761E+02
1.82825E+02 2.62263E-03 8.91556E-01 3.34511E+02
1.90774E+02 2.55127E-03 8.78221E-01 3.32019E+02
1.98723E+02 2.47877E-03 8.64099E-01 3.29268E+02
2.06672E+02 2.40439E-03 8.49022E-01 3.26211E+02
2.14621E+02 2.32928E-03 8.33199E-01 3.22878E+02
2.22570E+02 2.25314E-03 8.16556E-01 3.19239E+02
2.30519E+02 2.17663E-03 7.99223E-01 3.15312E+02
2.38468E+02 2.09905E-03 7.81031E-01 3.11046E+02
2.46416E+02 2.02164E-03 7.62264E-01 3.06495E+02
2.54365E+02 1.94418E-03 7.42868E-01 3.01638E+02
2.62314E+02 1.86662E-03 7.22832E-01 2.96462E+02
2.70263E+02 1.78949E-03 7.02293E-01 2.90992E+02
2.78212E+02 1.71279E-03 6.81259E-01 2.85224E+02
2.86161E+02 1.63678E-03 6.59811E-01 2.79171E+02
2.94110E+02 1.56164E-03 6.38010E-01 2.72846E+02
3.02059E+02 1.48744E-03 6.15894E-01 2.66253E+02
3.10008E+02 1.41447E-03 5.93563E-01 2.59419E+02
3.17957E+02 1.34281E-03 5.71065E-01 2.52355E+02
3.25906E+02 1.27271E-03 5.48498E-01 2.45090E+02
3.33855E+02 1.20422E-03 5.25907E-01 2.37637E+02
3.41803E+02 1.13744E-03 5.03346E-01 2.30016E+02
3.49752E+02 1.07269E-03 4.80957E-01 2.22274E+02
3.57701E+02 1.00966E-03 4.58664E-01 2.14389E+02
3.65650E+02 9.48567E-04 4.36570E-01 2.06398E+02
3.73599E+02 8.89731E-04 4.14824E-01 1.98360E+02
3.81548E+02 8.32991E-04 3.93402E-01 1.90272E+02
3.89497E+02 7.78378E-04 3.72348E-01 1.82156E+02
3.97446E+02 7.26064E-04 3.51765E-01 1.74057E+02
4.05395E+02 6.75958E-04 3.31654E-01 1.65984E+02
4.13344E+02 6.28100E-04 3.12063E-01 1.57965E+02
4.21293E+02 5.82373E-04 2.92982E-01 1.50002E+02
4.29242E+02 5.39073E-04 2.74569E-01 1.42172E+02
4.37190E+02 4.98013E-04 2.56783E-01 1.34467E+02
4.45139E+02 4.59016E-04 2.39580E-01 1.26878E+02
4.53088E+02 4.22213E-04 2.23053E-01 1.19456E+02
4.61037E+02 3.87630E-04 2.07247E-01 1.12232E+02
4.68986E+02 3.55091E-04 1.92117E-01 1.05197E+02
4.76935E+02 3.24537E-04 1.77667E-01 9.83632E+01
4.84884E+02 2.96026E-04 1.63958E-01 9.17705E+01
4.92833E+02 2.69338E-04 1.50912E-01 8.53937E+01
5.00782E+02 2.44531E-04 1.38589E-01 7.92721E+01
5.08731E+02 2.21430E-04 1.26930E-01 7.33873E+01
5.16680E+02 2.00075E-04 1.15982E-01 6.77747E+01
5.24629E+02 1.80315E-04 1.05695E-01 6.24191E+01
5.32577E+02 1.62084E-04 9.60591E-02 5.73258E+01
5.40526E+02 1.45322E-04 8.70664E-02 5.25012E+01
5.48475E+02 1.29922E-04 7.86820E-02 4.79363E+01
5.56424E+02 1.15816E-04 7.08899E-02 4.36318E+01
5.64373E+02 1.02974E-04 6.36939E-02 3.95996E+01
5.72322E+02 9.12236E-05 5.70163E-02 3.58048E+01
5.80271E+02 8.05762E-05 5.08809E-02 3.22693E+01
5.88220E+02 7.09147E-05 4.52369E-02 2.89721E+01
5.96169E+02 6.21873E-05 4.00691E-02 2.59121E+01
6.04118E+02 5.43319E-05 3.53552E-02 2.30833E+01
6.12067E+02 4.72765E-05 3.10654E-02 2.04750E+01
6.20016E+02 4.09523E-05 2.71699E-02 1.80755E+01
6.27964E+02 3.52916E-05 2.36381E-02 1.58720E+01
6.35913E+02 3.02553E-05 2.04558E-02 1.38611E+01
6.43862E+02 2.58097E-05 1.76114E-02 1.20412E+01
6.51811E+02 2.18692E-05 1.50589E-02 1.03878E+01
6.59760E+02 1.84073E-05 1.27890E-02 8.89932E+00
6.67709E+02 1.53687E-05 1.07725E-02 7.56106E+00
6.75658E+02 1.27183E-05 8.99244E-03 6.36560E+00
6.83607E+02 1.04222E-05 7.43217E-03 5.30534E+00
6.91556E+02 8.44186E-06 6.07075E-03 4.36939E+00
6.99505E+02 6.74275E-06 4.88916E-03 3.54769E+00
7.07454E+02 5.29983E-06 3.87427E-03 2.83385E+00
7.15403E+02 4.08652E-06 3.01125E-03 2.21997E+00
7.23351E+02 3.07451E-06 2.28338E-03 1.69646E+00
7.31300E+02 2.24323E-06 1.67890E-03 1.25691E+00
7.39249E+02 1.57105E-06 1.18478E-03 8.93677E-01
7.47198E+02 1.04254E-06 7.92084E-04 6.01885E-01
7.55147E+02 6.38698E-07 4.88819E-04 3.74146E-01
7.63096E+02 3.44298E-07 2.65409E-04 2.04606E-01
7.71045E+02 1.48294E-07 1.15122E-04 8.93728E-02
7.78994E+02 3.72555E-08 2.91215E-05 2.27636E-02
7.86943E+02 0.00000E+00 0.00000E+00 0.00000E+00
