100 2
0.00000E+00 3.35395E-03 1.00001E+00 3.64673E+02
8.18498E+00 3.35143E-03 1.00000E+00 3.64672E+02
1.63700E+01 3.34736E-03 9.99946E-01 3.64672E+02
2.45550E+01 3.33854E-03 9.99761E-01 3.64668E+02
3.27399E+01 3.32797E-03 9.99456E-01 3.64659E+02
4.09249E+01 3.31273E-03 9.98891E-01 3.64638E+02
4.91099E+01 3.29582E-03 9.98128E-01 3.64603E+02
5.72949E+01 3.27379E-03 9.96952E-01 3.64541E+02
6.54799E+01 3.25062E-03 9.95529E-01 3.64453E+02
7.36649E+01 3.22251E-03 9.93570E-01 3.64316E+02
8.18498E+01 3.19298E-03 9.91272E-01 3.64137E+02
9.00348E+01 3.15877E-03 9.88328E-01 3.63884E+02
9.82198E+01 3.12335E-03 9.84993E-01 3.63569E+02
1.06405E+02 3.08309E-03 9.80872E-01 3.63147E+02
1.14590E+02 3.04168E-03 9.76293E-01 3.62641E+02
1.22775E+02 2.99596E-03 9.70865E-01 3.61996E+02
1.30960E+02 2.94932E-03 9.64944E-01 3.61244E+02
1.39145E+02 2.89851E-03 9.58084E-01 3.60318E+02
1.47330E+02 2.84578E-03 9.50527E-01 3.59234E+02
1.55515E+02 2.79121E-03 9.42266E-01 3.57984E+02
1.63700E+02 2.73263E-03 9.32913E-01 3.56490E+02
1.71885E+02 2.67374E-03 9.23030E-01 3.54831E+02
1.80070E+02 2.61171E-03 9.12116E-01 3.52910E+02
1.88255E+02 2.54774E-03 9.00330E-01 3.50739E+02
1.96440E+02 2.48324E-03 8.87922E-01 3.48352E+02
2.04625E+02 2.41613E-03 8.74468E-01 3.45654E+02
2.12810E+02 2.34708E-03 8.60056E-01 3.42645E+02
2.20995E+02 2.27750E-03 8.44959E-01 3.39369E+02
2.29180E+02 2.20680E-03 8.29042E-01 3.35785E+02
2.37365E+02 2.13522E-03 8.12342E-01 3.31889E+02
2.45550E+02 2.06279E-03 7.94851E-01 3.27665E+02
2.53734E+02 1.99022E-03 7.76735E-01 3.23141E+02
2.61919E+02 1.91685E-03 7.57818E-01 3.18264E+02
2.70104E+02 1.84335E-03 7.38267E-01 3.13063E+02
2.78289E+02 1.76987E-03 7.18116E-01 3.07537E+02
2.86474E+02 1.69666E-03 6.97444E-01 3.01699E+02
2.94659E+02 1.62391E-03 6.76307E-01 2.95557E+02
3.02844E+02 1.55160E-03 6.54704E-01 2.89103E+02
3.11029E+02 1.48019E-03 6.32787E-01 2.82376E+02
3.19214E+02 1.40968E-03 6.10568E-01 2.75374E+02
3.27399E+02 1.34025E-03 5.88121E-01 2.68116E+02
3.35584E+02 1.27205E-03 5.65513E-01 2.60622E+02
3.43769E+02 1.20514E-03 5.42785E-01 2.52901E+02
3.51954E+02 1.13983E-03 5.20069E-01 2.44999E+02
3.60139E+02 1.07605E-03 4.97361E-01 2.36914E+02
3.68324E+02 1.01404E-03 4.74774E-01 2.28687E+02
3.76509E+02 9.53769E-04 4.52332E-01 2.20330E+02
3.84694E+02 8.95440E-04 4.30133E-01 2.11881E+02
3.92879E+02 8.39095E-04 4.08228E-01 2.03365E+02
4.01064E+02 7.84771E-04 3.86664E-01 1.94805E+02
4.09249E+02 7.32542E-04 3.65505E-01 1.86232E+02
4.17434E+02 6.82396E-04 3.44778E-01 1.77665E+02
4.25619E+02 6.34482E-04 3.24583E-01 1.69153E+02
4.33804E+02 5.88694E-04 3.04909E-01 1.60699E+02
4.41989E+02 5.45102E-04 2.85821E-01 1.52341E+02
4.50174E+02 5.03756E-04 2.67379E-01 1.44114E+02
4.58359E+02 4.64507E-04 2.49551E-01 1.36017E+02
4.66544E+02 4.27336E-04 2.32363E-01 1.28068E+02
4.74729E+02 3.92327E-04 2.15888E-01 1.20315E+02
4.82914E+02 3.59450E-04 2.00147E-01 1.12778E+02
4.91099E+02 3.28511E-04 1.85081E-01 1.05442E+02
4.99284E+02 2.99529E-04 1.70731E-01 9.83361E+01
5.07469E+02 2.72548E-04 1.57150E-01 9.15005E+01
5.15654E+02 2.47320E-04 1.44246E-01 8.48997E+01
5.23839E+02 2.23925E-04 1.32088E-01 7.85810E+01
5.32024E+02 2.02199E-04 1.20619E-01 7.25267E+01
5.40209E+02 1.82153E-04 1.09873E-01 6.67660E+01
5.48394E+02 1.63622E-04 9.97874E-02 6.12768E+01
5.56579E+02 1.46613E-04 9.03912E-02 5.60859E+01
5.64764E+02 1.30993E-04 8.16346E-02 5.11769E+01
5.72949E+02 1.16676E-04 7.34911E-02 4.65448E+01
5.81134E+02 1.03603E-04 6.59481E-02 4.21926E+01
5.89319E+02 9.16916E-05 5.89780E-02 3.81138E+01
5.97504E+02 8.09188E-05 5.25859E-02 3.43209E+01
6.05689E+02 7.11373E-05 4.67019E-02 3.07814E+01
6.13874E+02 6.23329E-05 4.13338E-02 2.75084E+01
6.22059E+02 5.43844E-05 3.64224E-02 2.44737E+01
6.30244E+02 4.72649E-05 3.19651E-02 2.16830E+01
6.38429E+02 4.08876E-05 2.79204E-02 1.91176E+01
6.46614E+02 3.52001E-05 2.42666E-02 1.67703E+01
6.54799E+02 3.01334E-05 2.09701E-02 1.46256E+01
6.62984E+02 2.56492E-05 1.80159E-02 1.26792E+01
6.71169E+02 2.17042E-05 1.53845E-02 1.09241E+01
6.79354E+02 1.82476E-05 1.30507E-02 9.34834E+00
6.87539E+02 1.52060E-05 1.09722E-02 7.92800E+00
6.95724E+02 1.25640E-05 9.14520E-03 6.66451E+00
7.03909E+02 1.02797E-05 7.54686E-03 5.54611E+00
7.12094E+02 8.31025E-06 6.15265E-03 4.55914E+00
7.20279E+02 6.63173E-06 4.95071E-03 3.69846E+00
7.28464E+02 5.20216E-06 3.91535E-03 2.94859E+00
7.36649E+02 4.00001E-06 3.03485E-03 2.30367E+00
7.44834E+02 3.00794E-06 2.30011E-03 1.75951E+00
7.53019E+02 2.18948E-06 1.68727E-03 1.30063E+00
7.61203E+02 1.53068E-06 1.18859E-03 9.23149E-01
7.69388E+02 1.01151E-06 7.91348E-04 6.19199E-01
7.77573E+02 6.18303E-07 4.87280E-04 3.84058E-01
7.85758E+02 3.32824E-07 2.64190E-04 2.09721E-01
7.93943E+02 1.42926E-07 1.14253E-04 9.13349E-02
8.02128E+02 3.55240E-08 2.85940E-05 2.30160E-02
8.10313E+02 0.00000E+00 0.00000E+00 0.00000E+00
