100 2
0.00000E+00 3.36965E-03 1.00001E+00 3.63193E+02
8.16303E+00 3.36875E-03 1.00001E+00 3.63193E+02
1.63261E+01 3.36296E-03 9.99933E-01 3.63192E+02
2.44891E+01 3.35530E-03 9.99773E-01 3.63189E+02
3.26521E+01 3.34296E-03 9.99415E-01 3.63178E+02
4.08151E+01 3.32921E-03 9.98907E-01 3.63159E+02
4.89782E+01 3.31030E-03 9.98054E-01 3.63121E+02
5.71412E+01 3.28982E-03 9.96965E-01 3.63063E+02
6.53042E+01 3.26459E-03 9.95417E-01 3.62968E+02
7.34673E+01 3.23765E-03 9.93545E-01 3.62837E+02
8.16303E+01 3.20629E-03 9.91110E-01 3.62648E+02
8.97933E+01 3.17308E-03 9.88261E-01 3.62403E+02
9.79563E+01 3.13537E-03 9.84717E-01 3.62070E+02
1.06119E+02 3.09647E-03 9.80744E-01 3.61664E+02
1.14282E+02 3.05313E-03 9.75966E-01 3.61137E+02
1.22445E+02 3.00844E-03 9.70674E-01 3.60510E+02
1.30608E+02 2.95953E-03 9.64486E-01 3.59727E+02
1.38771E+02 2.90910E-03 9.57689E-01 3.58811E+02
1.46935E+02 2.85606E-03 9.50114E-01 3.57729E+02
1.55098E+02 2.79949E-03 9.41568E-01 3.56438E+02
1.63261E+02 2.74199E-03 9.32415E-01 3.54980E+02
1.71424E+02 2.68135E-03 9.22267E-01 3.53282E+02
1.79587E+02 2.61918E-03 9.11353E-01 3.51365E+02
1.87750E+02 2.55527E-03 8.99614E-01 3.49209E+02
1.95913E+02 2.48904E-03 8.86911E-01 3.46772E+02
2.04076E+02 2.42109E-03 8.73317E-01 3.44052E+02
2.12239E+02 2.35264E-03 8.59065E-01 3.41084E+02
2.20402E+02 2.28264E-03 8.43924E-01 3.37808E+02
2.28565E+02 2.21138E-03 8.27928E-01 3.34217E+02
2.36728E+02 2.13927E-03 8.11152E-01 3.30314E+02
2.44891E+02 2.06629E-03 7.93578E-01 3.26082E+02
2.53054E+02 1.99294E-03 7.75317E-01 3.21535E+02
2.61217E+02 1.91923E-03 7.56364E-01 3.16661E+02
2.69380E+02 1.84534E-03 7.36760E-01 3.11460E+02
2.77543E+02 1.77158E-03 7.16590E-01 3.05944E+02
2.85706E+02 1.69797E-03 6.95860E-01 3.00105E+02
2.93869E+02 1.62487E-03 6.74678E-01 2.93967E+02
3.02032E+02 1.55238E-03 6.53079E-01 2.87531E+02
3.10195E+02 1.48078E-03 6.31162E-01 2.80822E+02
3.18358E+02 1.40999E-03 6.08916E-01 2.73831E+02
3.26521E+02 1.34027E-03 5.86437E-01 2.66582E+02
3.34684E+02 1.27200E-03 5.63864E-01 2.59120E+02
3.42847E+02 1.20495E-03 5.41154E-01 2.51426E+02
3.51010E+02 1.13949E-03 5.18445E-01 2.43548E+02
3.59173E+02 1.07559E-03 4.95754E-01 2.35491E+02
3.67336E+02 1.01343E-03 4.73176E-01 2.27289E+02
3.75499E+02 9.53146E-04 4.50787E-01 2.18974E+02
3.83662E+02 8.94695E-04 4.28602E-01 2.10553E+02
3.91825E+02 8.38419E-04 4.06782E-01 2.02092E+02
3.99988E+02 7.84035E-04 3.85253E-01 1.93569E+02
4.08151E+02 7.31740E-04 3.64123E-01 1.85031E+02
4.16314E+02 6.81715E-04 3.43502E-01 1.76531E+02
4.24477E+02 6.33783E-04 3.23354E-01 1.68061E+02
4.32640E+02 5.87988E-04 3.03729E-01 1.59651E+02
4.40804E+02 5.44439E-04 2.84712E-01 1.51346E+02
4.48967E+02 5.03071E-04 2.66309E-01 1.43159E+02
4.57130E+02 4.63827E-04 2.48531E-01 1.35105E+02
4.65293E+02 4.26769E-04 2.31440E-01 1.27224E+02
4.73456E+02 3.91829E-04 2.15042E-01 1.19527E+02
4.81619E+02 3.58959E-04 1.99347E-01 1.12033E+02
4.89782E+02 3.28074E-04 1.84348E-01 1.04748E+02
4.97945E+02 2.99160E-04 1.70069E-01 9.76970E+01
5.06108E+02 2.72183E-04 1.56528E-01 9.08992E+01
5.14271E+02 2.47041E-04 1.43702E-01 8.43563E+01
5.22434E+02 2.23613E-04 1.31559E-01 7.80626E+01
5.30597E+02 2.01963E-04 1.20161E-01 7.20617E+01
5.38760E+02 1.81927E-04 1.09449E-01 6.63346E+01
5.46923E+02 1.63446E-04 9.94181E-02 6.08898E+01
5.55086E+02 1.46449E-04 9.00536E-02 5.57303E+01
5.63249E+02 1.30843E-04 8.13278E-02 5.08515E+01
5.71412E+02 1.16566E-04 7.32293E-02 4.62574E+01
5.79575E+02 1.03525E-04 6.57246E-02 4.19389E+01
5.87738E+02 9.16727E-05 5.88080E-02 3.79025E+01
5.95901E+02 8.08737E-05 5.24178E-02 3.41210E+01
6.04064E+02 7.11127E-05 4.65620E-02 3.06080E+01
6.12227E+02 6.23106E-05 4.12098E-02 2.73534E+01
6.20390E+02 5.43770E-05 3.63209E-02 2.43407E+01
6.28553E+02 4.72338E-05 3.18607E-02 2.15558E+01
6.36716E+02 4.08493E-05 2.78220E-02 1.90010E+01
6.44879E+02 3.51841E-05 2.41921E-02 1.66751E+01
6.53042E+02 3.01465E-05 2.09233E-02 1.45540E+01
6.61205E+02 2.56685E-05 1.79811E-02 1.26209E+01
6.69368E+02 2.17170E-05 1.53526E-02 1.08724E+01
6.77531E+02 1.82490E-05 1.30174E-02 9.29990E+00
6.85694E+02 1.52172E-05 1.09511E-02 7.89170E+00
6.93857E+02 1.25775E-05 9.13056E-03 6.63607E+00
7.02020E+02 1.02896E-05 7.53395E-03 5.52188E+00
7.10183E+02 8.32057E-06 6.14384E-03 4.54046E+00
7.18346E+02 6.63751E-06 4.94188E-03 3.68206E+00
7.26509E+02 5.20978E-06 3.91061E-03 2.93715E+00
7.34673E+02 4.00932E-06 3.03372E-03 2.29661E+00
7.42836E+02 3.01212E-06 2.29716E-03 1.75257E+00
7.50999E+02 2.19206E-06 1.68476E-03 1.29524E+00
7.59162E+02 1.53449E-06 1.18835E-03 9.20483E-01
7.67325E+02 1.01678E-06 7.93307E-04 6.19039E-01
7.75488E+02 6.20859E-07 4.87971E-04 3.83562E-01
7.83651E+02 3.34200E-07 2.64566E-04 2.09453E-01
7.91814E+02 1.43617E-07 1.14496E-04 9.12825E-02
7.99977E+02 3.56072E-08 2.85841E-05 2.29464E-02
8.08140E+02 0.00000E+00 0.00000E+00 0.00000E+00
