100 2
0.00000E+00 3.54797E-03 1.00001E+00 3.47764E+02
7.92671E+00 3.54572E-03 1.00000E+00 3.47764E+02
1.58534E+01 3.54033E-03 9.99932E-01 3.47763E+02
2.37801E+01 3.53056E-03 9.99735E-01 3.47759E+02
3.17068E+01 3.51747E-03 9.99368E-01 3.47749E+02
3.96335E+01 3.50014E-03 9.98747E-01 3.47726E+02
4.75603E+01 3.47955E-03 9.97846E-01 3.47687E+02
5.54870E+01 3.45486E-03 9.96572E-01 3.47621E+02
6.34137E+01 3.42707E-03 9.94919E-01 3.47522E+02
7.13404E+01 3.39514E-03 9.92768E-01 3.47377E+02
7.92671E+01 3.35976E-03 9.90103E-01 3.47176E+02
8.71938E+01 3.32076E-03 9.86856E-01 3.46906E+02
9.51205E+01 3.27875E-03 9.83024E-01 3.46556E+02
1.03047E+02 3.23332E-03 9.78519E-01 3.46109E+02
1.10974E+02 3.18515E-03 9.73362E-01 3.45557E+02
1.18901E+02 3.13397E-03 9.67479E-01 3.44880E+02
1.26827E+02 3.07948E-03 9.60783E-01 3.44057E+02
1.34754E+02 3.02206E-03 9.53272E-01 3.43074E+02
1.42681E+02 2.96241E-03 9.44995E-01 3.41925E+02
1.50607E+02 2.90057E-03 9.35925E-01 3.40595E+02
1.58534E+02 2.83572E-03 9.25899E-01 3.39045E+02
1.66461E+02 2.76923E-03 9.15092E-01 3.37288E+02
1.74388E+02 2.70061E-03 9.03397E-01 3.35294E+02
1.82314E+02 2.63028E-03 8.90851E-01 3.33056E+02
1.90241E+02 2.55817E-03 8.77418E-01 3.30553E+02
1.98168E+02 2.48478E-03 8.63164E-01 3.27784E+02
2.06094E+02 2.41001E-03 8.48050E-01 3.24729E+02
2.14021E+02 2.33432E-03 8.32150E-01 3.21388E+02
2.21948E+02 2.25774E-03 8.15456E-01 3.17749E+02
2.29875E+02 2.18045E-03 7.97995E-01 3.13804E+02
2.37801E+02 2.10283E-03 7.79844E-01 3.09559E+02
2.45728E+02 2.02484E-03 7.60990E-01 3.05000E+02
2.53655E+02 1.94695E-03 7.41541E-01 3.00143E+02
2.61581E+02 1.86899E-03 7.21458E-01 2.94969E+02
2.69508E+02 1.79160E-03 7.00907E-01 2.89512E+02
2.77435E+02 1.71449E-03 6.79822E-01 2.83745E+02
2.85362E+02 1.63819E-03 6.58351E-01 2.77703E+02
2.93288E+02 1.56281E-03 6.36542E-01 2.71393E+02
3.01215E+02 1.48833E-03 6.14403E-01 2.64812E+02
3.09142E+02 1.41518E-03 5.92081E-01 2.58000E+02
3.17068E+02 1.34329E-03 5.69573E-01 2.50952E+02
3.24995E+02 1.27310E-03 5.47040E-01 2.43719E+02
3.32922E+02 1.20440E-03 5.24444E-01 2.36286E+02
3.40848E+02 1.13753E-03 5.01916E-01 2.28696E+02
3.48775E+02 1.07253E-03 4.79506E-01 2.20969E+02
3.56702E+02 1.00943E-03 4.57248E-01 2.13118E+02
3.64629E+02 9.48396E-04 4.35237E-01 2.05180E+02
3.72555E+02 8.89509E-04 4.13533E-01 1.97180E+02
3.80482E+02 8.32704E-04 3.92147E-01 1.89128E+02
3.88409E+02 7.78097E-04 3.71156E-01 1.81059E+02
3.96335E+02 7.25679E-04 3.50590E-01 1.72990E+02
4.04262E+02 6.75552E-04 3.30526E-01 1.64959E+02
4.12189E+02 6.27644E-04 3.10971E-01 1.56976E+02
4.20116E+02 5.82135E-04 2.92034E-01 1.49096E+02
4.28042E+02 5.38701E-04 2.73616E-01 1.41286E+02
4.35969E+02 4.97546E-04 2.55838E-01 1.33607E+02
4.43896E+02 4.58647E-04 2.38727E-01 1.26079E+02
4.51822E+02 4.21952E-04 2.22294E-01 1.18720E+02
4.59749E+02 3.87278E-04 2.06492E-01 1.11518E+02
4.67676E+02 3.54801E-04 1.91433E-01 1.04536E+02
4.75603E+02 3.24298E-04 1.77048E-01 9.77516E+01
4.83529E+02 2.95772E-04 1.63369E-01 9.11922E+01
4.91456E+02 2.69170E-04 1.50403E-01 8.48716E+01
4.99383E+02 2.44340E-04 1.38103E-01 7.87784E+01
5.07309E+02 2.21311E-04 1.26512E-01 7.29451E+01
5.15236E+02 1.99979E-04 1.15607E-01 6.73701E+01
5.23163E+02 1.80213E-04 1.05346E-01 6.20429E+01
5.31089E+02 1.62008E-04 9.57507E-02 5.69855E+01
5.39016E+02 1.45235E-04 8.67774E-02 5.21846E+01
5.46943E+02 1.29854E-04 7.84263E-02 4.76505E+01
5.54870E+02 1.15753E-04 7.06585E-02 4.33715E+01
5.62796E+02 1.02933E-04 6.34951E-02 3.93686E+01
5.70723E+02 9.12199E-05 5.68572E-02 3.56069E+01
5.78650E+02 8.05735E-05 5.07397E-02 3.20916E+01
5.86576E+02 7.09128E-05 4.51118E-02 2.88131E+01
5.94503E+02 6.22072E-05 3.99713E-02 2.57777E+01
6.02430E+02 5.43331E-05 3.52594E-02 2.29580E+01
6.10357E+02 4.72843E-05 3.09855E-02 2.03665E+01
6.18283E+02 4.09708E-05 2.71075E-02 1.79844E+01
6.26210E+02 3.53191E-05 2.35912E-02 1.57967E+01
6.34137E+02 3.02834E-05 2.04181E-02 1.37973E+01
6.42063E+02 2.58255E-05 1.75739E-02 1.19825E+01
6.49990E+02 2.18864E-05 1.50293E-02 1.03388E+01
6.57917E+02 1.84206E-05 1.27631E-02 8.85698E+00
6.65844E+02 1.53823E-05 1.07523E-02 7.52620E+00
6.73770E+02 1.27325E-05 8.97765E-03 6.33763E+00
6.81697E+02 1.04345E-05 7.42043E-03 5.28236E+00
6.89624E+02 8.45264E-06 6.06174E-03 4.35087E+00
6.97550E+02 6.75459E-06 4.88417E-03 3.53423E+00
7.05477E+02 5.30843E-06 3.86982E-03 2.82275E+00
7.13404E+02 4.09447E-06 3.00873E-03 2.21196E+00
7.21330E+02 3.08221E-06 2.28272E-03 1.69124E+00
7.29257E+02 2.24694E-06 1.67703E-03 1.25203E+00
7.37184E+02 1.57489E-06 1.18437E-03 8.90880E-01
7.45111E+02 1.04428E-06 7.91206E-04 5.99551E-01
7.53037E+02 6.39834E-07 4.88329E-04 3.72734E-01
7.60964E+02 3.45365E-07 2.65488E-04 2.04096E-01
7.68891E+02 1.48847E-07 1.15228E-04 8.92048E-02
7.76817E+02 3.68648E-08 2.87370E-05 2.24014E-02
7.84744E+02 0.00000E+00 0.00000E+00 0.00000E+00
