100 2
0.00000E+00 3.42957E-03 1.00001E+00 3.57894E+02
8.08343E+00 3.42746E-03 1.00000E+00 3.57894E+02
1.61669E+01 3.42259E-03 9.99937E-01 3.57893E+02
2.42503E+01 3.41369E-03 9.99752E-01 3.57889E+02
3.23337E+01 3.40144E-03 9.99400E-01 3.57879E+02
4.04172E+01 3.38612E-03 9.98838E-01 3.57858E+02
4.85006E+01 3.36704E-03 9.97986E-01 3.57820E+02
5.65840E+01 3.34470E-03 9.96808E-01 3.57757E+02
6.46675E+01 3.31865E-03 9.95223E-01 3.57661E+02
7.27509E+01 3.28993E-03 9.93245E-01 3.57525E+02
8.08343E+01 3.25773E-03 9.90768E-01 3.57334E+02
8.89178E+01 3.22217E-03 9.87747E-01 3.57077E+02
9.70012E+01 3.18379E-03 9.84176E-01 3.56745E+02
1.05085E+02 3.14227E-03 9.79979E-01 3.56320E+02
1.13168E+02 3.09800E-03 9.75148E-01 3.55793E+02
1.21252E+02 3.05053E-03 9.69586E-01 3.55141E+02
1.29335E+02 2.99977E-03 9.63225E-01 3.54343E+02
1.37418E+02 2.94665E-03 9.56138E-01 3.53398E+02
1.45502E+02 2.89090E-03 9.48249E-01 3.52281E+02
1.53585E+02 2.83337E-03 9.39641E-01 3.50993E+02
1.61669E+02 2.77360E-03 9.30220E-01 3.49507E+02
1.69752E+02 2.71052E-03 9.19767E-01 3.47775E+02
1.77836E+02 2.64628E-03 9.08600E-01 3.45833E+02
1.85919E+02 2.58028E-03 8.96597E-01 3.43650E+02
1.94002E+02 2.51183E-03 8.83593E-01 3.41179E+02
2.02086E+02 2.44257E-03 8.69874E-01 3.38461E+02
2.10169E+02 2.37164E-03 8.55254E-01 3.35447E+02
2.18253E+02 2.29942E-03 8.39782E-01 3.32132E+02
2.26336E+02 2.22646E-03 8.23562E-01 3.28526E+02
2.34420E+02 2.15280E-03 8.06592E-01 3.24616E+02
2.42503E+02 2.07816E-03 7.88793E-01 3.20372E+02
2.50586E+02 2.00318E-03 7.70308E-01 3.15814E+02
2.58670E+02 1.92805E-03 7.51177E-01 3.10942E+02
2.66753E+02 1.85289E-03 7.31430E-01 3.05754E+02
2.74837E+02 1.77777E-03 7.11090E-01 3.00245E+02
2.82920E+02 1.70314E-03 6.90276E-01 2.94440E+02
2.91004E+02 1.62889E-03 6.68971E-01 2.88326E+02
2.99087E+02 1.55528E-03 6.47253E-01 2.81918E+02
3.07170E+02 1.48281E-03 6.25286E-01 2.75259E+02
3.15254E+02 1.41124E-03 6.03013E-01 2.68328E+02
3.23337E+02 1.34082E-03 5.80528E-01 2.61148E+02
3.31421E+02 1.27182E-03 5.57941E-01 2.53754E+02
3.39504E+02 1.20427E-03 5.35281E-01 2.46152E+02
3.47588E+02 1.13833E-03 5.12630E-01 2.38370E+02
3.55671E+02 1.07407E-03 4.90034E-01 2.30425E+02
3.63755E+02 1.01172E-03 4.67609E-01 2.22359E+02
3.71838E+02 9.51177E-04 4.45343E-01 2.14170E+02
3.79921E+02 8.92476E-04 4.23280E-01 2.05877E+02
3.88005E+02 8.36089E-04 4.01631E-01 1.97564E+02
3.96088E+02 7.81635E-04 3.80284E-01 1.89196E+02
4.04172E+02 7.29371E-04 3.59373E-01 1.80829E+02
4.12255E+02 6.79238E-04 3.38910E-01 1.72476E+02
4.20339E+02 6.31344E-04 3.18973E-01 1.64177E+02
4.28422E+02 5.85641E-04 2.99578E-01 1.55946E+02
4.36505E+02 5.42217E-04 2.80801E-01 1.47826E+02
4.44589E+02 5.00911E-04 2.62605E-01 1.39811E+02
4.52672E+02 4.61718E-04 2.45023E-01 1.31923E+02
4.60756E+02 4.24877E-04 2.28198E-01 1.24239E+02
4.68839E+02 3.90057E-04 2.12015E-01 1.16717E+02
4.76923E+02 3.57359E-04 1.96554E-01 1.09407E+02
4.85006E+02 3.26543E-04 1.81734E-01 1.02280E+02
4.93089E+02 2.97815E-04 1.67686E-01 9.54096E+01
5.01173E+02 2.70977E-04 1.54345E-01 8.87781E+01
5.09256E+02 2.45913E-04 1.41683E-01 8.23817E+01
5.17340E+02 2.22716E-04 1.29778E-01 7.62709E+01
5.25423E+02 2.01141E-04 1.18530E-01 7.04069E+01
5.33507E+02 1.81215E-04 1.07981E-01 6.48219E+01
5.41590E+02 1.62889E-04 9.81307E-02 5.95275E+01
5.49673E+02 1.45943E-04 8.88857E-02 5.44837E+01
5.57757E+02 1.30424E-04 8.02938E-02 4.97266E+01
5.65840E+02 1.16231E-04 7.23211E-02 4.52480E+01
5.73924E+02 1.03225E-04 6.49098E-02 4.10248E+01
5.82007E+02 9.14310E-05 5.80938E-02 3.70857E+01
5.90091E+02 8.07130E-05 5.18132E-02 3.34053E+01
5.98174E+02 7.09882E-05 4.60360E-02 2.99732E+01
6.06258E+02 6.22394E-05 4.07680E-02 2.68010E+01
6.14341E+02 5.43159E-05 3.59329E-02 2.38505E+01
6.22424E+02 4.72174E-05 3.15438E-02 2.11366E+01
6.30508E+02 4.08820E-05 2.75754E-02 1.86508E+01
6.38591E+02 3.52189E-05 2.39824E-02 1.63712E+01
6.46675E+02 3.01663E-05 2.07359E-02 1.42851E+01
6.54758E+02 2.56861E-05 1.78208E-02 1.23884E+01
6.62842E+02 2.17517E-05 1.52290E-02 1.06811E+01
6.70925E+02 1.82926E-05 1.29225E-02 9.14304E+00
6.79008E+02 1.52598E-05 1.08757E-02 7.76169E+00
6.87092E+02 1.26204E-05 9.07311E-03 6.53055E+00
6.95175E+02 1.03309E-05 7.49094E-03 5.43720E+00
7.03259E+02 8.36005E-06 6.11312E-03 4.47394E+00
7.11342E+02 6.67832E-06 4.92384E-03 3.63291E+00
7.19426E+02 5.23924E-06 3.89454E-03 2.89669E+00
7.27509E+02 4.03287E-06 3.02192E-03 2.26547E+00
7.35592E+02 3.03336E-06 2.29086E-03 1.73076E+00
7.43676E+02 2.21043E-06 1.68232E-03 1.28075E+00
7.51759E+02 1.54404E-06 1.18414E-03 9.08325E-01
7.59843E+02 1.02340E-06 7.90721E-04 6.11031E-01
7.67926E+02 6.24905E-07 4.86382E-04 3.78601E-01
7.76010E+02 3.37045E-07 2.64222E-04 2.07144E-01
7.84093E+02 1.44116E-07 1.13779E-04 8.98301E-02
7.92176E+02 3.62253E-08 2.87962E-05 2.28908E-02
8.00260E+02 0.00000E+00 0.00000E+00 0.00000E+00
