100 2
0.00000E+00 3.37531E-03 1.00001E+00 3.62716E+02
8.15593E+00 3.37321E-03 1.00000E+00 3.62716E+02
1.63119E+01 3.36854E-03 9.99939E-01 3.62715E+02
2.44678E+01 3.36011E-03 9.99762E-01 3.62712E+02
3.26237E+01 3.34869E-03 9.99432E-01 3.62702E+02
4.07796E+01 3.33368E-03 9.98876E-01 3.62681E+02
4.89356E+01 3.31565E-03 9.98063E-01 3.62645E+02
5.70915E+01 3.29436E-03 9.96931E-01 3.62584E+02
6.52474E+01 3.26979E-03 9.95425E-01 3.62492E+02
7.34034E+01 3.24145E-03 9.93455E-01 3.62355E+02
8.15593E+01 3.21112E-03 9.91100E-01 3.62172E+02
8.97152E+01 3.17680E-03 9.88156E-01 3.61919E+02
9.78711E+01 3.14027E-03 9.84726E-01 3.61597E+02
1.06027E+02 3.09986E-03 9.80603E-01 3.61176E+02
1.14183E+02 3.05736E-03 9.75919E-01 3.60659E+02
1.22339E+02 3.01154E-03 9.70499E-01 3.60018E+02
1.30495E+02 2.96349E-03 9.64421E-01 3.59249E+02
1.38651E+02 2.91270E-03 9.57586E-01 3.58329E+02
1.46807E+02 2.85872E-03 9.49881E-01 3.57229E+02
1.54963E+02 2.80295E-03 9.41465E-01 3.55958E+02
1.63119E+02 2.74419E-03 9.32119E-01 3.54471E+02
1.71274E+02 2.68432E-03 9.22106E-01 3.52797E+02
1.79430E+02 2.62198E-03 9.11177E-01 3.50880E+02
1.87586E+02 2.55700E-03 8.99251E-01 3.48691E+02
1.95742E+02 2.49135E-03 8.86668E-01 3.46279E+02
2.03898E+02 2.42331E-03 8.73072E-01 3.43562E+02
2.12054E+02 2.35469E-03 8.58801E-01 3.40593E+02
2.20210E+02 2.28392E-03 8.43504E-01 3.37287E+02
2.28366E+02 2.21237E-03 8.27457E-01 3.33687E+02
2.36522E+02 2.14020E-03 8.10679E-01 3.29786E+02
2.44678E+02 2.06740E-03 7.93163E-01 3.25571E+02
2.52834E+02 1.99379E-03 7.74850E-01 3.21015E+02
2.60990E+02 1.92002E-03 7.55900E-01 3.16147E+02
2.69146E+02 1.84606E-03 7.36296E-01 3.10950E+02
2.77302E+02 1.77203E-03 7.16068E-01 3.05423E+02
2.85457E+02 1.69844E-03 6.95363E-01 2.99596E+02
2.93613E+02 1.62519E-03 6.74155E-01 2.93455E+02
3.01769E+02 1.55270E-03 6.52573E-01 2.87031E+02
3.09925E+02 1.48089E-03 6.30612E-01 2.80314E+02
3.18081E+02 1.41004E-03 6.08366E-01 2.73328E+02
3.26237E+02 1.34034E-03 5.85911E-01 2.66094E+02
3.34393E+02 1.27195E-03 5.63323E-01 2.58633E+02
3.42549E+02 1.20482E-03 5.40603E-01 2.50943E+02
3.50705E+02 1.13928E-03 5.17885E-01 2.43068E+02
3.58861E+02 1.07540E-03 4.95224E-01 2.35028E+02
3.67017E+02 1.01318E-03 4.72640E-01 2.26832E+02
3.75173E+02 9.52991E-04 4.50307E-01 2.18544E+02
3.83329E+02 8.94523E-04 4.28134E-01 2.10135E+02
3.91485E+02 8.38177E-04 4.06307E-01 2.01679E+02
3.99640E+02 7.83796E-04 3.84797E-01 1.93171E+02
4.07796E+02 7.31598E-04 3.63725E-01 1.84664E+02
4.15952E+02 6.81424E-04 3.43061E-01 1.76153E+02
4.24108E+02 6.33505E-04 3.22935E-01 1.67700E+02
4.32264E+02 5.87732E-04 3.03337E-01 1.59308E+02
4.40420E+02 5.44298E-04 2.84386E-01 1.51040E+02
4.48576E+02 5.02859E-04 2.65968E-01 1.42854E+02
4.56732E+02 4.63668E-04 2.48229E-01 1.34825E+02
4.64888E+02 4.26608E-04 2.31153E-01 1.26956E+02
4.73044E+02 3.91641E-04 2.14756E-01 1.19267E+02
4.81200E+02 3.58807E-04 1.99092E-01 1.11794E+02
4.89356E+02 3.27899E-04 1.84094E-01 1.04516E+02
4.97512E+02 2.99063E-04 1.69867E-01 9.74967E+01
5.05668E+02 2.72053E-04 1.56321E-01 9.07024E+01
5.13823E+02 2.46926E-04 1.43513E-01 8.41745E+01
5.21979E+02 2.23546E-04 1.31406E-01 7.79046E+01
5.30135E+02 2.01899E-04 1.20020E-01 7.19152E+01
5.38291E+02 1.81853E-04 1.09312E-01 6.61955E+01
5.46447E+02 1.63413E-04 9.93118E-02 6.07721E+01
5.54603E+02 1.46391E-04 8.99418E-02 5.56141E+01
5.62759E+02 1.30808E-04 8.12368E-02 5.07512E+01
5.70915E+02 1.16519E-04 7.31379E-02 4.61609E+01
5.79071E+02 1.03481E-04 6.56420E-02 4.18511E+01
5.87227E+02 9.16329E-05 5.87333E-02 3.78227E+01
5.95383E+02 8.08628E-05 5.23657E-02 3.40579E+01
6.03539E+02 7.11178E-05 4.65247E-02 3.05569E+01
6.11695E+02 6.22977E-05 4.11662E-02 2.73013E+01
6.19851E+02 5.43653E-05 3.62823E-02 2.42943E+01
6.28006E+02 4.72420E-05 3.18384E-02 2.15219E+01
6.36162E+02 4.08541E-05 2.78011E-02 1.89703E+01
6.44318E+02 3.51788E-05 2.41679E-02 1.66443E+01
6.52474E+02 3.01289E-05 2.08940E-02 1.45217E+01
6.60630E+02 2.56691E-05 1.79662E-02 1.25996E+01
6.68786E+02 2.17246E-05 1.53445E-02 1.08572E+01
6.76942E+02 1.82638E-05 1.30163E-02 9.29082E+00
6.85098E+02 1.52163E-05 1.09412E-02 7.87783E+00
6.93254E+02 1.25812E-05 9.12534E-03 6.62655E+00
7.01410E+02 1.02923E-05 7.52946E-03 5.51384E+00
7.09566E+02 8.31986E-06 6.13811E-03 4.53238E+00
7.17722E+02 6.63817E-06 4.93814E-03 3.67614E+00
7.25878E+02 5.21318E-06 3.90975E-03 2.93395E+00
7.34034E+02 4.01223E-06 3.03327E-03 2.29427E+00
7.42189E+02 3.01600E-06 2.29809E-03 1.75173E+00
7.50345E+02 2.19365E-06 1.68452E-03 1.29393E+00
7.58501E+02 1.53475E-06 1.18753E-03 9.19058E-01
7.66657E+02 1.01659E-06 7.92477E-04 6.17863E-01
7.74813E+02 6.20030E-07 4.86910E-04 3.82406E-01
7.82969E+02 3.34057E-07 2.64227E-04 2.09005E-01
7.91125E+02 1.42720E-07 1.13688E-04 9.05634E-02
7.99281E+02 3.52999E-08 2.83138E-05 2.27104E-02
8.07437E+02 0.00000E+00 0.00000E+00 0.00000E+00
