100 2
0.00000E+00 3.38056E-03 1.00001E+00 3.62203E+02
8.14827E+00 3.38012E-03 1.00001E+00 3.62203E+02
1.62965E+01 3.37389E-03 9.99933E-01 3.62202E+02
2.44448E+01 3.36709E-03 9.99794E-01 3.62199E+02
3.25931E+01 3.35411E-03 9.99424E-01 3.62188E+02
4.07414E+01 3.34067E-03 9.98933E-01 3.62170E+02
4.88896E+01 3.32095E-03 9.98049E-01 3.62131E+02
5.70379E+01 3.30076E-03 9.96981E-01 3.62074E+02
6.51862E+01 3.27453E-03 9.95377E-01 3.61976E+02
7.33345E+01 3.24798E-03 9.93538E-01 3.61848E+02
8.14827E+01 3.21565E-03 9.91034E-01 3.61654E+02
8.96310E+01 3.18293E-03 9.88235E-01 3.61415E+02
9.77793E+01 3.14454E-03 9.84638E-01 3.61077E+02
1.05928E+02 3.10554E-03 9.80664E-01 3.60672E+02
1.14076E+02 3.06107E-03 9.75773E-01 3.60134E+02
1.22224E+02 3.01619E-03 9.70467E-01 3.59506E+02
1.30372E+02 2.96697E-03 9.64251E-01 3.58721E+02
1.38521E+02 2.91570E-03 9.57351E-01 3.57792E+02
1.46669E+02 2.86225E-03 9.49730E-01 3.56705E+02
1.54817E+02 2.80572E-03 9.41204E-01 3.55419E+02
1.62965E+02 2.74823E-03 9.32070E-01 3.53968E+02
1.71114E+02 2.68661E-03 9.21779E-01 3.52249E+02
1.79262E+02 2.62364E-03 9.10740E-01 3.50313E+02
1.87410E+02 2.56044E-03 8.99155E-01 3.48189E+02
1.95559E+02 2.49308E-03 8.86259E-01 3.45720E+02
2.03707E+02 2.42489E-03 8.72641E-01 3.43000E+02
2.11855E+02 2.35584E-03 8.58289E-01 3.40016E+02
2.20003E+02 2.28581E-03 8.43166E-01 3.36750E+02
2.28152E+02 2.21450E-03 8.27188E-01 3.33170E+02
2.36300E+02 2.14176E-03 8.10298E-01 3.29248E+02
2.44448E+02 2.06823E-03 7.92623E-01 3.24999E+02
2.52596E+02 1.99490E-03 7.74398E-01 3.20469E+02
2.60745E+02 1.92080E-03 7.55381E-01 3.15587E+02
2.68893E+02 1.84674E-03 7.35769E-01 3.10393E+02
2.77041E+02 1.77271E-03 7.15559E-01 3.04876E+02
2.85190E+02 1.69890E-03 6.94812E-01 2.99044E+02
2.93338E+02 1.62559E-03 6.73606E-01 2.92909E+02
3.01486E+02 1.55290E-03 6.51987E-01 2.86479E+02
3.09634E+02 1.48109E-03 6.30046E-01 2.79775E+02
3.17783E+02 1.41019E-03 6.07806E-01 2.72798E+02
3.25931E+02 1.34042E-03 5.85350E-01 2.65570E+02
3.34079E+02 1.27192E-03 5.62748E-01 2.58111E+02
3.42227E+02 1.20471E-03 5.40019E-01 2.50426E+02
3.50376E+02 1.13914E-03 5.17315E-01 2.42563E+02
3.58524E+02 1.07526E-03 4.94674E-01 2.34538E+02
3.66672E+02 1.01306E-03 4.72119E-01 2.26360E+02
3.74821E+02 9.52775E-04 4.49771E-01 2.18074E+02
3.82969E+02 8.94277E-04 4.27607E-01 2.09677E+02
3.91117E+02 8.37919E-04 4.05796E-01 2.01235E+02
3.99265E+02 7.83570E-04 3.84319E-01 1.92748E+02
4.07414E+02 7.31380E-04 3.63270E-01 1.84258E+02
4.15562E+02 6.81247E-04 3.42643E-01 1.75771E+02
4.23710E+02 6.33260E-04 3.22507E-01 1.67321E+02
4.31858E+02 5.87525E-04 3.02944E-01 1.58953E+02
4.40007E+02 5.43970E-04 2.83958E-01 1.50676E+02
4.48155E+02 5.02671E-04 2.65619E-01 1.42533E+02
4.56303E+02 4.63427E-04 2.47873E-01 1.34508E+02
4.64452E+02 4.26423E-04 2.30838E-01 1.26666E+02
4.72600E+02 3.91487E-04 2.14472E-01 1.18999E+02
4.80748E+02 3.58663E-04 1.98827E-01 1.11541E+02
4.88896E+02 3.27803E-04 1.83867E-01 1.04289E+02
4.97045E+02 2.98866E-04 1.69603E-01 9.72582E+01
5.05193E+02 2.71889E-04 1.56085E-01 9.04845E+01
5.13341E+02 2.46815E-04 1.43317E-01 8.39825E+01
5.21489E+02 2.23445E-04 1.31227E-01 7.77271E+01
5.29638E+02 2.01821E-04 1.19863E-01 7.17551E+01
5.37786E+02 1.81781E-04 1.09168E-01 6.60477E+01
5.45934E+02 1.63332E-04 9.91726E-02 6.06320E+01
5.54083E+02 1.46355E-04 8.98360E-02 5.54973E+01
5.62231E+02 1.30787E-04 8.11473E-02 5.06481E+01
5.70379E+02 1.16498E-04 7.30567E-02 4.60668E+01
5.78527E+02 1.03480E-04 6.55795E-02 4.17720E+01
5.86676E+02 9.15860E-05 5.86506E-02 3.77355E+01
5.94824E+02 8.08159E-05 5.22887E-02 3.39775E+01
6.02972E+02 7.10917E-05 4.64655E-02 3.04903E+01
6.11120E+02 6.22865E-05 4.11210E-02 2.72463E+01
6.19269E+02 5.43631E-05 3.62472E-02 2.42483E+01
6.27417E+02 4.72406E-05 3.18080E-02 2.14815E+01
6.35565E+02 4.08717E-05 2.77866E-02 1.89423E+01
6.43714E+02 3.51741E-05 2.41426E-02 1.66117E+01
6.51862E+02 3.01442E-05 2.08846E-02 1.45014E+01
6.60010E+02 2.56666E-05 1.79480E-02 1.25753E+01
6.68158E+02 2.17235E-05 1.53297E-02 1.08368E+01
6.76307E+02 1.82660E-05 1.30058E-02 9.27479E+00
6.84455E+02 1.52241E-05 1.09365E-02 7.86705E+00
6.92603E+02 1.25844E-05 9.11921E-03 6.61595E+00
7.00751E+02 1.02919E-05 7.52230E-03 5.50355E+00
7.08900E+02 8.32847E-06 6.13859E-03 4.52840E+00
7.17048E+02 6.64489E-06 4.93844E-03 3.67285E+00
7.25196E+02 5.21505E-06 3.90752E-03 2.92955E+00
7.33345E+02 4.01599E-06 3.03324E-03 2.29208E+00
7.41493E+02 3.01390E-06 2.29442E-03 1.74735E+00
7.49641E+02 2.19386E-06 1.68313E-03 1.29167E+00
7.57789E+02 1.53718E-06 1.18828E-03 9.18760E-01
7.65938E+02 1.01708E-06 7.92120E-04 6.17009E-01
7.74086E+02 6.23889E-07 4.89446E-04 3.84011E-01
7.82234E+02 3.35574E-07 2.65168E-04 2.09545E-01
7.90382E+02 1.44446E-07 1.14946E-04 9.14725E-02
7.98531E+02 3.55135E-08 2.84576E-05 2.28038E-02
8.06679E+02 0.00000E+00 0.00000E+00 0.00000E+00
