100 2
0.00000E+00 3.35740E-03 1.00001E+00 3.64368E+02
8.18048E+00 3.35520E-03 1.00000E+00 3.64368E+02
1.63610E+01 3.35098E-03 9.99950E-01 3.64368E+02
2.45414E+01 3.34208E-03 9.99766E-01 3.64364E+02
3.27219E+01 3.33130E-03 9.99456E-01 3.64355E+02
4.09024E+01 3.31585E-03 9.98883E-01 3.64333E+02
4.90829E+01 3.29881E-03 9.98114E-01 3.64299E+02
5.72634E+01 3.27721E-03 9.96963E-01 3.64237E+02
6.54438E+01 3.25352E-03 9.95508E-01 3.64148E+02
7.36243E+01 3.22571E-03 9.93572E-01 3.64013E+02
8.18048E+01 3.19583E-03 9.91249E-01 3.63832E+02
8.99853E+01 3.16171E-03 9.88315E-01 3.63580E+02
9.81658E+01 3.12591E-03 9.84946E-01 3.63262E+02
1.06346E+02 3.08585E-03 9.80847E-01 3.62843E+02
1.14527E+02 3.04422E-03 9.76248E-01 3.62334E+02
1.22707E+02 2.99863E-03 9.70839E-01 3.61692E+02
1.30888E+02 2.95161E-03 9.64875E-01 3.60936E+02
1.39068E+02 2.90050E-03 9.57978E-01 3.60005E+02
1.47249E+02 2.84782E-03 9.50431E-01 3.58923E+02
1.55429E+02 2.79275E-03 9.42099E-01 3.57662E+02
1.63610E+02 2.73445E-03 9.32795E-01 3.56177E+02
1.71790E+02 2.67546E-03 9.22902E-01 3.54517E+02
1.79971E+02 2.61310E-03 9.11933E-01 3.52588E+02
1.88151E+02 2.54935E-03 9.00196E-01 3.50427E+02
1.96332E+02 2.48435E-03 8.87699E-01 3.48024E+02
2.04512E+02 2.41729E-03 8.74261E-01 3.45330E+02
2.12692E+02 2.34833E-03 8.59875E-01 3.42329E+02
2.20873E+02 2.27854E-03 8.44743E-01 3.39048E+02
2.29053E+02 2.20768E-03 8.28798E-01 3.35460E+02
2.37234E+02 2.13597E-03 8.12077E-01 3.31560E+02
2.45414E+02 2.06354E-03 7.94598E-01 3.27341E+02
2.53595E+02 1.99073E-03 7.76430E-01 3.22808E+02
2.61775E+02 1.91741E-03 7.57536E-01 3.17939E+02
2.69956E+02 1.84375E-03 7.37954E-01 3.12732E+02
2.78136E+02 1.77023E-03 7.17805E-01 3.07210E+02
2.86317E+02 1.69691E-03 6.97114E-01 3.01370E+02
2.94497E+02 1.62412E-03 6.75977E-01 2.95231E+02
3.02678E+02 1.55173E-03 6.54361E-01 2.88777E+02
3.10858E+02 1.48031E-03 6.32451E-01 2.82055E+02
3.19039E+02 1.40974E-03 6.10227E-01 2.75056E+02
3.27219E+02 1.34025E-03 5.87774E-01 2.67800E+02
3.35400E+02 1.27204E-03 5.65175E-01 2.60313E+02
3.43580E+02 1.20508E-03 5.42444E-01 2.52596E+02
3.51761E+02 1.13975E-03 5.19730E-01 2.44699E+02
3.59941E+02 1.07600E-03 4.97047E-01 2.36627E+02
3.68122E+02 1.01390E-03 4.74442E-01 2.28398E+02
3.76302E+02 9.53662E-04 4.52022E-01 2.20054E+02
3.84483E+02 8.95296E-04 4.29821E-01 2.11609E+02
3.92663E+02 8.38961E-04 4.07933E-01 2.03104E+02
4.00843E+02 7.84653E-04 3.86387E-01 1.94556E+02
4.09024E+02 7.32418E-04 3.65237E-01 1.85992E+02
4.17204E+02 6.82307E-04 3.44537E-01 1.77441E+02
4.25385E+02 6.34392E-04 3.24353E-01 1.68938E+02
4.33565E+02 5.88539E-04 3.04662E-01 1.60481E+02
4.41746E+02 5.45069E-04 2.85639E-01 1.52156E+02
4.49926E+02 5.03528E-04 2.67120E-01 1.43900E+02
4.58107E+02 4.64320E-04 2.49320E-01 1.35819E+02
4.66287E+02 4.27249E-04 2.32187E-01 1.27901E+02
4.74468E+02 3.92207E-04 2.15706E-01 1.20149E+02
4.82648E+02 3.59331E-04 1.99974E-01 1.12621E+02
4.90829E+02 3.28420E-04 1.84930E-01 1.05299E+02
4.99009E+02 2.99486E-04 1.70611E-01 9.82128E+01
5.07190E+02 2.72436E-04 1.57004E-01 9.13675E+01
5.15370E+02 2.47265E-04 1.44136E-01 8.47887E+01
5.23551E+02 2.23858E-04 1.31978E-01 7.84736E+01
5.31731E+02 2.02177E-04 1.20539E-01 7.24385E+01
5.39912E+02 1.82109E-04 1.09787E-01 6.66781E+01
5.48092E+02 1.63605E-04 9.97221E-02 6.12030E+01
5.56273E+02 1.46587E-04 9.03262E-02 5.60152E+01
5.64453E+02 1.30952E-04 8.15659E-02 5.11068E+01
5.72634E+02 1.16659E-04 7.34404E-02 4.64875E+01
5.80814E+02 1.03540E-04 6.58750E-02 4.21247E+01
5.88995E+02 9.17193E-05 5.89617E-02 3.80813E+01
5.97175E+02 8.09132E-05 5.25535E-02 3.42811E+01
6.05355E+02 7.11361E-05 4.66756E-02 3.07472E+01
6.13536E+02 6.23203E-05 4.13034E-02 2.74735E+01
6.21716E+02 5.43897E-05 3.64058E-02 2.44490E+01
6.29897E+02 4.72593E-05 3.19442E-02 2.16572E+01
6.38077E+02 4.08788E-05 2.78996E-02 1.90933E+01
6.46258E+02 3.51914E-05 2.42478E-02 1.67485E+01
6.54438E+02 3.01491E-05 2.09690E-02 1.46164E+01
6.62619E+02 2.56586E-05 1.80123E-02 1.26696E+01
6.70799E+02 2.17023E-05 1.53749E-02 1.09114E+01
6.78980E+02 1.82428E-05 1.30404E-02 9.33604E+00
6.87160E+02 1.52139E-05 1.09718E-02 7.92320E+00
6.95341E+02 1.25710E-05 9.14511E-03 6.66070E+00
7.03521E+02 1.02757E-05 7.53991E-03 5.53811E+00
7.11702E+02 8.31120E-06 6.15001E-03 4.55472E+00
7.19882E+02 6.63447E-06 4.95002E-03 3.69590E+00
7.28063E+02 5.20797E-06 3.91747E-03 2.94850E+00
7.36243E+02 4.00514E-06 3.03699E-03 2.30397E+00
7.44424E+02 3.00595E-06 2.29739E-03 1.75651E+00
7.52604E+02 2.18624E-06 1.68392E-03 1.29739E+00
7.60785E+02 1.53048E-06 1.18780E-03 9.22035E-01
7.68965E+02 1.01400E-06 7.92835E-04 6.20002E-01
7.77146E+02 6.19567E-07 4.87998E-04 3.84404E-01
7.85326E+02 3.33594E-07 2.64651E-04 2.09968E-01
7.93506E+02 1.43430E-07 1.14591E-04 9.15527E-02
8.01687E+02 3.55776E-08 2.86213E-05 2.30252E-02
8.09867E+02 0.00000E+00 0.00000E+00 0.00000E+00
