100 2
0.00000E+00 3.55567E-03 1.00001E+00 3.47085E+02
7.91597E+00 3.55505E-03 1.00001E+00 3.47085E+02
1.58319E+01 3.54802E-03 9.99925E-01 3.47084E+02
2.37479E+01 3.53952E-03 9.99754E-01 3.47080E+02
3.16639E+01 3.52498E-03 9.99351E-01 3.47069E+02
3.95798E+01 3.50857E-03 9.98762E-01 3.47048E+02
4.74958E+01 3.48705E-03 9.97826E-01 3.47007E+02
5.54118E+01 3.46261E-03 9.96564E-01 3.46942E+02
6.33277E+01 3.43396E-03 9.94864E-01 3.46841E+02
7.12437E+01 3.40176E-03 9.92690E-01 3.46694E+02
7.91597E+01 3.36687E-03 9.90067E-01 3.46497E+02
8.70756E+01 3.32728E-03 9.86772E-01 3.46222E+02
9.49916E+01 3.28620E-03 9.83033E-01 3.45881E+02
1.02908E+02 3.23939E-03 9.78401E-01 3.45423E+02
1.10824E+02 3.19132E-03 9.73260E-01 3.44873E+02
1.18739E+02 3.13943E-03 9.67305E-01 3.44189E+02
1.26655E+02 3.08414E-03 9.60514E-01 3.43355E+02
1.34571E+02 3.02829E-03 9.53219E-01 3.42402E+02
1.42487E+02 2.96698E-03 9.44726E-01 3.41225E+02
1.50403E+02 2.90467E-03 9.35594E-01 3.39886E+02
1.58319E+02 2.84074E-03 9.25726E-01 3.38363E+02
1.66235E+02 2.77327E-03 9.14779E-01 3.36586E+02
1.74151E+02 2.70409E-03 9.03000E-01 3.34580E+02
1.82067E+02 2.63361E-03 8.90444E-01 3.32343E+02
1.89983E+02 2.56175E-03 8.77077E-01 3.29856E+02
1.97899E+02 2.48807E-03 8.62789E-01 3.27085E+02
2.05815E+02 2.41316E-03 8.47669E-01 3.24033E+02
2.13731E+02 2.33698E-03 8.31692E-01 3.20681E+02
2.21647E+02 2.25975E-03 8.14879E-01 3.17021E+02
2.29563E+02 2.18257E-03 7.97465E-01 3.13092E+02
2.37479E+02 2.10456E-03 7.79250E-01 3.08838E+02
2.45395E+02 2.02638E-03 7.60374E-01 3.04280E+02
2.53311E+02 1.94824E-03 7.40889E-01 2.99421E+02
2.61227E+02 1.87023E-03 7.20820E-01 2.94257E+02
2.69143E+02 1.79247E-03 7.00199E-01 2.88789E+02
2.77059E+02 1.71543E-03 6.79159E-01 2.83042E+02
2.84975E+02 1.63893E-03 6.57663E-01 2.77002E+02
2.92891E+02 1.56341E-03 6.35843E-01 2.70697E+02
3.00807E+02 1.48882E-03 6.13704E-01 2.64125E+02
3.08723E+02 1.41548E-03 5.91353E-01 2.57313E+02
3.16639E+02 1.34361E-03 5.68882E-01 2.50287E+02
3.24555E+02 1.27325E-03 5.46323E-01 2.43054E+02
3.32471E+02 1.20451E-03 5.23744E-01 2.35637E+02
3.40387E+02 1.13757E-03 5.01226E-01 2.28061E+02
3.48302E+02 1.07245E-03 4.78801E-01 2.20339E+02
3.56218E+02 1.00931E-03 4.56563E-01 2.12506E+02
3.64134E+02 9.48247E-04 4.34569E-01 2.04584E+02
3.72050E+02 8.89220E-04 4.12843E-01 1.96587E+02
3.79966E+02 8.32456E-04 3.91500E-01 1.88562E+02
3.87882E+02 7.77810E-04 3.70522E-01 1.80508E+02
3.95798E+02 7.25489E-04 3.50022E-01 1.72476E+02
4.03714E+02 6.75343E-04 3.29977E-01 1.64463E+02
4.11630E+02 6.27449E-04 3.10454E-01 1.56505E+02
4.19546E+02 5.81836E-04 2.91499E-01 1.48628E+02
4.27462E+02 5.38488E-04 2.73143E-01 1.40854E+02
4.35378E+02 4.97430E-04 2.55431E-01 1.33213E+02
4.43294E+02 4.58514E-04 2.38336E-01 1.25703E+02
4.51210E+02 4.21748E-04 2.21894E-01 1.18350E+02
4.59126E+02 3.87185E-04 2.06163E-01 1.11191E+02
4.67042E+02 3.54633E-04 1.91090E-01 1.04211E+02
4.74958E+02 3.24105E-04 1.76713E-01 9.74396E+01
4.82874E+02 2.95643E-04 1.63083E-01 9.09125E+01
4.90790E+02 2.69032E-04 1.50129E-01 8.46066E+01
4.98706E+02 2.44286E-04 1.37887E-01 7.85504E+01
5.06622E+02 2.21198E-04 1.26283E-01 7.27178E+01
5.14538E+02 1.99894E-04 1.15406E-01 6.71649E+01
5.22454E+02 1.80193E-04 1.05193E-01 6.18699E+01
5.30370E+02 1.61960E-04 9.55957E-02 5.68183E+01
5.38286E+02 1.45201E-04 8.66418E-02 5.20343E+01
5.46202E+02 1.29850E-04 7.83188E-02 4.75216E+01
5.54118E+02 1.15802E-04 7.05910E-02 4.32705E+01
5.62034E+02 1.02934E-04 6.34105E-02 3.92637E+01
5.69949E+02 9.12144E-05 5.67783E-02 3.55103E+01
5.77865E+02 8.05639E-05 5.06666E-02 3.20031E+01
5.85781E+02 7.09247E-05 4.50589E-02 2.87407E+01
5.93697E+02 6.22098E-05 3.99200E-02 2.57104E+01
6.01613E+02 5.43582E-05 3.52280E-02 2.29065E+01
6.09529E+02 4.72864E-05 3.09459E-02 2.03136E+01
6.17445E+02 4.09665E-05 2.70691E-02 1.79354E+01
6.25361E+02 3.53364E-05 2.35709E-02 1.57619E+01
6.33277E+02 3.03075E-05 2.04066E-02 1.37707E+01
6.41193E+02 2.58482E-05 1.75653E-02 1.19604E+01
6.49109E+02 2.19000E-05 1.50184E-02 1.03174E+01
6.57025E+02 1.84382E-05 1.27579E-02 8.84133E+00
6.64941E+02 1.53996E-05 1.07497E-02 7.51410E+00
6.72857E+02 1.27445E-05 8.97399E-03 6.32647E+00
6.80773E+02 1.04451E-05 7.41790E-03 5.27341E+00
6.88689E+02 8.46275E-06 6.06074E-03 4.34424E+00
6.96605E+02 6.76207E-06 4.88296E-03 3.52858E+00
7.04521E+02 5.31553E-06 3.86973E-03 2.81885E+00
7.12437E+02 4.09835E-06 3.00753E-03 2.20810E+00
7.20353E+02 3.08354E-06 2.28065E-03 1.68746E+00
7.28269E+02 2.25048E-06 1.67739E-03 1.25059E+00
7.36185E+02 1.57566E-06 1.18337E-03 8.88933E-01
7.44101E+02 1.04384E-06 7.89826E-04 5.97713E-01
7.52017E+02 6.39061E-07 4.87096E-04 3.71303E-01
7.59933E+02 3.45617E-07 2.65324E-04 2.03695E-01
7.67849E+02 1.48524E-07 1.14826E-04 8.87753E-02
7.75765E+02 3.70921E-08 2.88744E-05 2.24775E-02
7.83681E+02 0.00000E+00 0.00000E+00 0.00000E+00
