100 2
0.00000E+00 3.35674E-03 1.00001E+00 3.64413E+02
8.18115E+00 3.35457E-03 1.00000E+00 3.64413E+02
1.63623E+01 3.35035E-03 9.99948E-01 3.64413E+02
2.45434E+01 3.34158E-03 9.99766E-01 3.64409E+02
3.27246E+01 3.33065E-03 9.99450E-01 3.64400E+02
4.09057E+01 3.31545E-03 9.98887E-01 3.64379E+02
4.90869E+01 3.29817E-03 9.98107E-01 3.64343E+02
5.72680E+01 3.27665E-03 9.96959E-01 3.64282E+02
6.54492E+01 3.25305E-03 9.95508E-01 3.64193E+02
7.36303E+01 3.22531E-03 9.93577E-01 3.64058E+02
8.18115E+01 3.19541E-03 9.91252E-01 3.63877E+02
8.99926E+01 3.16128E-03 9.88318E-01 3.63625E+02
9.81738E+01 3.12531E-03 9.84931E-01 3.63306E+02
1.06355E+02 3.08540E-03 9.80846E-01 3.62887E+02
1.14536E+02 3.04357E-03 9.76223E-01 3.62376E+02
1.22717E+02 2.99820E-03 9.70839E-01 3.61737E+02
1.30898E+02 2.95099E-03 9.64849E-01 3.60977E+02
1.39079E+02 2.90026E-03 9.58000E-01 3.60052E+02
1.47261E+02 2.84745E-03 9.50436E-01 3.58968E+02
1.55442E+02 2.79248E-03 9.42116E-01 3.57708E+02
1.63623E+02 2.73420E-03 9.32816E-01 3.56224E+02
1.71804E+02 2.67517E-03 9.22914E-01 3.54563E+02
1.79985E+02 2.61308E-03 9.11994E-01 3.52642E+02
1.88166E+02 2.54915E-03 9.00222E-01 3.50474E+02
1.96348E+02 2.48402E-03 8.87701E-01 3.48066E+02
2.04529E+02 2.41698E-03 8.74262E-01 3.45372E+02
2.12710E+02 2.34820E-03 8.59914E-01 3.42378E+02
2.20891E+02 2.27846E-03 8.44791E-01 3.39099E+02
2.29072E+02 2.20749E-03 8.28822E-01 3.35505E+02
2.37253E+02 2.13590E-03 8.12127E-01 3.31611E+02
2.45434E+02 2.06349E-03 7.94651E-01 3.27393E+02
2.53616E+02 1.99064E-03 7.76471E-01 3.22856E+02
2.61797E+02 1.91722E-03 7.57551E-01 3.17980E+02
2.69978E+02 1.84362E-03 7.37982E-01 3.12776E+02
2.78159E+02 1.77017E-03 7.17850E-01 3.07258E+02
2.86340E+02 1.69693E-03 6.97179E-01 3.01423E+02
2.94521E+02 1.62400E-03 6.76000E-01 2.95272E+02
3.02702E+02 1.55181E-03 6.54443E-01 2.88835E+02
3.10884E+02 1.48027E-03 6.32496E-01 2.82101E+02
3.19065E+02 1.40970E-03 6.10267E-01 2.75099E+02
3.27246E+02 1.34023E-03 5.87818E-01 2.67845E+02
3.35427E+02 1.27206E-03 5.65230E-01 2.60360E+02
3.43608E+02 1.20511E-03 5.42502E-01 2.52644E+02
3.51789E+02 1.13975E-03 5.19775E-01 2.44742E+02
3.59970E+02 1.07602E-03 4.97098E-01 2.36671E+02
3.68152E+02 1.01391E-03 4.74486E-01 2.28439E+02
3.76333E+02 9.53671E-04 4.52065E-01 2.20093E+02
3.84514E+02 8.95278E-04 4.29852E-01 2.11643E+02
3.92695E+02 8.39062E-04 4.08008E-01 2.03155E+02
4.00876E+02 7.84657E-04 3.86423E-01 1.94591E+02
4.09057E+02 7.32390E-04 3.65258E-01 1.86020E+02
4.17238E+02 6.82364E-04 3.44592E-01 1.77482E+02
4.25420E+02 6.34397E-04 3.24384E-01 1.68968E+02
4.33601E+02 5.88548E-04 3.04692E-01 1.60511E+02
4.41782E+02 5.45062E-04 2.85661E-01 1.52181E+02
4.49963E+02 5.03588E-04 2.67170E-01 1.43937E+02
4.58144E+02 4.64336E-04 2.49349E-01 1.35846E+02
4.66325E+02 4.27272E-04 2.32218E-01 1.27928E+02
4.74506E+02 3.92220E-04 2.15731E-01 1.20173E+02
4.82688E+02 3.59333E-04 1.99992E-01 1.12641E+02
4.90869E+02 3.28406E-04 1.84939E-01 1.05314E+02
4.99050E+02 2.99489E-04 1.70627E-01 9.82302E+01
5.07231E+02 2.72437E-04 1.57018E-01 9.13832E+01
5.15412E+02 2.47276E-04 1.44153E-01 8.48058E+01
5.23593E+02 2.23856E-04 1.31988E-01 7.84863E+01
5.31775E+02 2.02181E-04 1.20551E-01 7.24518E+01
5.39956E+02 1.82112E-04 1.09798E-01 6.66901E+01
5.48137E+02 1.63592E-04 9.97232E-02 6.12092E+01
5.56318E+02 1.46577E-04 9.03279E-02 5.60213E+01
5.64499E+02 1.30980E-04 8.15881E-02 5.11239E+01
5.72680E+02 1.16639E-04 7.34348E-02 4.64885E+01
5.80861E+02 1.03567E-04 6.58964E-02 4.21409E+01
5.89043E+02 9.17221E-05 5.89682E-02 3.80885E+01
5.97224E+02 8.09195E-05 5.25616E-02 3.42890E+01
6.05405E+02 7.11470E-05 4.66859E-02 3.07562E+01
6.13586E+02 6.23274E-05 4.13111E-02 2.74806E+01
6.21767E+02 5.43726E-05 3.63981E-02 2.44463E+01
6.29948E+02 4.72580E-05 3.19459E-02 2.16602E+01
6.38129E+02 4.08696E-05 2.78960E-02 1.90926E+01
6.46311E+02 3.51874E-05 2.42472E-02 1.67495E+01
6.54492E+02 3.01369E-05 2.09627E-02 1.46136E+01
6.62673E+02 2.56546E-05 1.80111E-02 1.26699E+01
6.70854E+02 2.17046E-05 1.53777E-02 1.09142E+01
6.79035E+02 1.82399E-05 1.30395E-02 9.33620E+00
6.87216E+02 1.52132E-05 1.09722E-02 7.92413E+00
6.95397E+02 1.25678E-05 9.14361E-03 6.66021E+00
7.03579E+02 1.02776E-05 7.54190E-03 5.53997E+00
7.11760E+02 8.31166E-06 6.15083E-03 4.55568E+00
7.19941E+02 6.63005E-06 4.94723E-03 3.69420E+00
7.28122E+02 5.20664E-06 3.91682E-03 2.94826E+00
7.36303E+02 4.00409E-06 3.03646E-03 2.30377E+00
7.44484E+02 3.00678E-06 2.29819E-03 1.75725E+00
7.52665E+02 2.18737E-06 1.68491E-03 1.29824E+00
7.60847E+02 1.53035E-06 1.18779E-03 9.22107E-01
7.69028E+02 1.01333E-06 7.92384E-04 6.19705E-01
7.77209E+02 6.19867E-07 4.88270E-04 3.84647E-01
7.85390E+02 3.32666E-07 2.63944E-04 2.09429E-01
7.93571E+02 1.42823E-07 1.14119E-04 9.11853E-02
8.01752E+02 3.58090E-08 2.88091E-05 2.31777E-02
8.09934E+02 0.00000E+00 0.00000E+00 0.00000E+00
