100 2
0.00000E+00 3.40836E-03 1.00001E+00 3.59732E+02
8.11122E+00 3.40757E-03 1.00001E+00 3.59732E+02
1.62224E+01 3.40160E-03 9.99934E-01 3.59731E+02
2.43336E+01 3.39427E-03 9.99784E-01 3.59728E+02
3.24449E+01 3.38141E-03 9.99419E-01 3.59717E+02
4.05561E+01 3.36716E-03 9.98900E-01 3.59698E+02
4.86673E+01 3.34728E-03 9.98014E-01 3.59659E+02
5.67785E+01 3.32621E-03 9.96903E-01 3.59600E+02
6.48897E+01 3.29966E-03 9.95285E-01 3.59501E+02
7.30009E+01 3.27223E-03 9.93392E-01 3.59370E+02
8.11122E+01 3.23964E-03 9.90879E-01 3.59177E+02
8.92234E+01 3.20579E-03 9.87995E-01 3.58931E+02
9.73346E+01 3.16682E-03 9.84361E-01 3.58592E+02
1.05446E+02 3.12653E-03 9.80273E-01 3.58177E+02
1.13557E+02 3.08158E-03 9.75351E-01 3.57637E+02
1.21668E+02 3.03548E-03 9.69923E-01 3.56998E+02
1.29779E+02 2.98601E-03 9.63705E-01 3.56216E+02
1.37891E+02 2.93302E-03 9.56608E-01 3.55265E+02
1.46002E+02 2.87951E-03 9.49013E-01 3.54187E+02
1.54113E+02 2.82124E-03 9.40269E-01 3.52874E+02
1.62224E+02 2.76230E-03 9.30942E-01 3.51398E+02
1.70336E+02 2.70060E-03 9.20684E-01 3.49693E+02
1.78447E+02 2.63642E-03 9.09490E-01 3.47740E+02
1.86558E+02 2.57129E-03 8.97598E-01 3.45568E+02
1.94669E+02 2.50451E-03 8.84873E-01 3.43143E+02
2.02780E+02 2.43493E-03 8.71045E-01 3.40395E+02
2.10892E+02 2.36472E-03 8.56520E-01 3.37389E+02
2.19003E+02 2.29329E-03 8.41163E-01 3.34087E+02
2.27114E+02 2.22093E-03 8.25020E-01 3.30485E+02
2.35225E+02 2.14758E-03 8.08061E-01 3.26564E+02
2.43336E+02 2.07399E-03 7.90452E-01 3.22350E+02
2.51448E+02 1.99943E-03 7.72006E-01 3.17786E+02
2.59559E+02 1.92497E-03 7.52979E-01 3.12924E+02
2.67670E+02 1.85022E-03 7.33274E-01 3.07729E+02
2.75781E+02 1.77557E-03 7.12990E-01 3.02217E+02
2.83893E+02 1.70128E-03 6.92203E-01 2.96399E+02
2.92004E+02 1.62745E-03 6.70944E-01 2.90278E+02
3.00115E+02 1.55425E-03 6.49273E-01 2.83862E+02
3.08226E+02 1.48199E-03 6.27294E-01 2.77176E+02
3.16337E+02 1.41066E-03 6.05018E-01 2.70220E+02
3.24449E+02 1.34057E-03 5.82563E-01 2.63025E+02
3.32560E+02 1.27180E-03 5.59974E-01 2.55604E+02
3.40671E+02 1.20445E-03 5.37303E-01 2.47973E+02
3.48782E+02 1.13867E-03 5.14628E-01 2.40156E+02
3.56893E+02 1.07449E-03 4.91985E-01 2.32167E+02
3.65005E+02 1.01225E-03 4.69521E-01 2.24058E+02
3.73116E+02 9.51807E-04 4.47214E-01 2.15826E+02
3.81227E+02 8.93221E-04 4.25118E-01 2.07492E+02
3.89338E+02 8.36844E-04 4.03399E-01 1.99124E+02
3.97450E+02 7.82437E-04 3.81997E-01 1.90705E+02
4.05561E+02 7.30216E-04 3.61031E-01 1.82288E+02
4.13672E+02 6.80008E-04 3.40467E-01 1.73865E+02
4.21783E+02 6.32163E-04 3.20482E-01 1.65517E+02
4.29894E+02 5.86447E-04 3.01016E-01 1.57228E+02
4.38006E+02 5.42909E-04 2.82124E-01 1.49030E+02
4.46117E+02 5.01662E-04 2.63891E-01 1.40970E+02
4.54228E+02 4.62485E-04 2.46256E-01 1.33032E+02
4.62339E+02 4.25542E-04 2.29327E-01 1.25274E+02
4.70451E+02 3.90623E-04 2.13043E-01 1.17679E+02
4.78562E+02 3.57829E-04 1.97483E-01 1.10296E+02
4.86673E+02 3.27075E-04 1.82642E-01 1.03134E+02
4.94784E+02 2.98309E-04 1.68527E-01 9.62084E+01
5.02895E+02 2.71327E-04 1.55068E-01 8.94953E+01
5.11007E+02 2.46298E-04 1.42381E-01 8.30638E+01
5.19118E+02 2.23029E-04 1.30397E-01 7.68921E+01
5.27229E+02 2.01405E-04 1.19085E-01 7.09742E+01
5.35340E+02 1.81474E-04 1.08497E-01 6.53494E+01
5.43451E+02 1.63016E-04 9.85421E-02 5.99801E+01
5.51563E+02 1.46110E-04 8.92864E-02 5.49129E+01
5.59674E+02 1.30555E-04 8.06450E-02 5.01120E+01
5.67785E+02 1.16315E-04 7.26184E-02 4.55876E+01
5.75896E+02 1.03337E-04 6.51974E-02 4.13443E+01
5.84008E+02 9.15074E-05 5.83377E-02 3.73664E+01
5.92119E+02 8.07882E-05 5.20350E-02 3.36604E+01
6.00230E+02 7.10249E-05 4.62151E-02 3.01911E+01
6.08341E+02 6.22501E-05 4.09132E-02 2.69876E+01
6.16452E+02 5.43239E-05 3.60598E-02 2.40157E+01
6.24564E+02 4.72288E-05 3.16578E-02 2.12844E+01
6.32675E+02 4.08717E-05 2.76621E-02 1.87730E+01
6.40786E+02 3.52035E-05 2.40534E-02 1.64755E+01
6.48897E+02 3.01594E-05 2.08012E-02 1.43786E+01
6.57008E+02 2.56844E-05 1.78796E-02 1.24711E+01
6.65120E+02 2.17404E-05 1.52727E-02 1.07480E+01
6.73231E+02 1.82847E-05 1.29606E-02 9.20095E+00
6.81342E+02 1.52507E-05 1.09060E-02 7.80958E+00
6.89453E+02 1.26011E-05 9.09021E-03 6.56524E+00
6.97565E+02 1.03142E-05 7.50439E-03 5.46559E+00
7.05676E+02 8.34486E-06 6.12289E-03 4.49642E+00
7.13787E+02 6.66154E-06 4.92838E-03 3.64876E+00
7.21898E+02 5.22668E-06 3.89854E-03 2.90962E+00
7.30009E+02 4.02536E-06 3.02659E-03 2.27672E+00
7.38121E+02 3.02323E-06 2.29109E-03 1.73690E+00
7.46232E+02 2.20270E-06 1.68222E-03 1.28509E+00
7.54343E+02 1.54235E-06 1.18687E-03 9.13508E-01
7.62454E+02 1.02097E-06 7.91544E-04 6.13760E-01
7.70566E+02 6.25849E-07 4.88759E-04 3.81733E-01
7.78677E+02 3.36771E-07 2.64906E-04 2.08388E-01
7.86788E+02 1.44857E-07 1.14750E-04 9.09031E-02
7.94899E+02 3.56292E-08 2.84208E-05 2.26709E-02
8.03010E+02 0.00000E+00 0.00000E+00 0.00000E+00
