100 2
0.00000E+00 3.57350E-03 1.00001E+00 3.45609E+02
7.89250E+00 3.57285E-03 1.00001E+00 3.45609E+02
1.57850E+01 3.56548E-03 9.99921E-01 3.45608E+02
2.36775E+01 3.55682E-03 9.99745E-01 3.45604E+02
3.15700E+01 3.54232E-03 9.99343E-01 3.45593E+02
3.94625E+01 3.52577E-03 9.98750E-01 3.45572E+02
4.73550E+01 3.50397E-03 9.97806E-01 3.45531E+02
5.52475E+01 3.47908E-03 9.96524E-01 3.45464E+02
6.31400E+01 3.45025E-03 9.94819E-01 3.45363E+02
7.10325E+01 3.41755E-03 9.92619E-01 3.45215E+02
7.89250E+01 3.38243E-03 9.89986E-01 3.45018E+02
8.68175E+01 3.34190E-03 9.86624E-01 3.44739E+02
9.47100E+01 3.30011E-03 9.82828E-01 3.44394E+02
1.02602E+02 3.25306E-03 9.78186E-01 3.43935E+02
1.10495E+02 3.20441E-03 9.72995E-01 3.43381E+02
1.18387E+02 3.15225E-03 9.67029E-01 3.42698E+02
1.26280E+02 3.09623E-03 9.60169E-01 3.41858E+02
1.34172E+02 3.03960E-03 9.52793E-01 3.40897E+02
1.42065E+02 2.97801E-03 9.44289E-01 3.39723E+02
1.49957E+02 2.91500E-03 9.35084E-01 3.38378E+02
1.57850E+02 2.85012E-03 9.25097E-01 3.36840E+02
1.65742E+02 2.78237E-03 9.14139E-01 3.35067E+02
1.73635E+02 2.71231E-03 9.02247E-01 3.33048E+02
1.81527E+02 2.64115E-03 8.89606E-01 3.30802E+02
1.89420E+02 2.56833E-03 8.76097E-01 3.28296E+02
1.97312E+02 2.49442E-03 8.61803E-01 3.25532E+02
2.05205E+02 2.41865E-03 8.46555E-01 3.22462E+02
2.13097E+02 2.34199E-03 8.30521E-01 3.19108E+02
2.20990E+02 2.26484E-03 8.13775E-01 3.15473E+02
2.28882E+02 2.18670E-03 7.96199E-01 3.11519E+02
2.36775E+02 2.10844E-03 7.77976E-01 3.07276E+02
2.44667E+02 2.02985E-03 7.59059E-01 3.02722E+02
2.52560E+02 1.95117E-03 7.39496E-01 2.97858E+02
2.60452E+02 1.87283E-03 7.19402E-01 2.92703E+02
2.68345E+02 1.79472E-03 6.98751E-01 2.87242E+02
2.76237E+02 1.71732E-03 6.77676E-01 2.81503E+02
2.84130E+02 1.64052E-03 6.56158E-01 2.75474E+02
2.92022E+02 1.56462E-03 6.34294E-01 2.69176E+02
2.99915E+02 1.48981E-03 6.12154E-01 2.62623E+02
3.07807E+02 1.41631E-03 5.89820E-01 2.55836E+02
3.15700E+02 1.34420E-03 5.67339E-01 2.48827E+02
3.23592E+02 1.27361E-03 5.44776E-01 2.41615E+02
3.31485E+02 1.20471E-03 5.22210E-01 2.34224E+02
3.39377E+02 1.13766E-03 4.99723E-01 2.26681E+02
3.47270E+02 1.07245E-03 4.77333E-01 2.18994E+02
3.55162E+02 1.00920E-03 4.55122E-01 2.11193E+02
3.63055E+02 9.48060E-04 4.33167E-01 2.03309E+02
3.70947E+02 8.89085E-04 4.11524E-01 1.95367E+02
3.78840E+02 8.32091E-04 3.90159E-01 1.87358E+02
3.86732E+02 7.77462E-04 3.69250E-01 1.79354E+02
3.94625E+02 7.25122E-04 3.48803E-01 1.71366E+02
4.02517E+02 6.74923E-04 3.28797E-01 1.63393E+02
4.10410E+02 6.27123E-04 3.09370E-01 1.55497E+02
4.18302E+02 5.81441E-04 2.90443E-01 1.47655E+02
4.26195E+02 5.38056E-04 2.72125E-01 1.39921E+02
4.34087E+02 4.96995E-04 2.54465E-01 1.32325E+02
4.41980E+02 4.58064E-04 2.37413E-01 1.24856E+02
4.49872E+02 4.21417E-04 2.21072E-01 1.17569E+02
4.57765E+02 3.86800E-04 2.05363E-01 1.10441E+02
4.65657E+02 3.54380E-04 1.90396E-01 1.03531E+02
4.73550E+02 3.23933E-04 1.76100E-01 9.68175E+01
4.81442E+02 2.95451E-04 1.62501E-01 9.03246E+01
4.89335E+02 2.68841E-04 1.49586E-01 8.40565E+01
4.97227E+02 2.44078E-04 1.37373E-01 7.80323E+01
5.05120E+02 2.21106E-04 1.25861E-01 7.22634E+01
5.13012E+02 1.99758E-04 1.14994E-01 6.67322E+01
5.20905E+02 1.80061E-04 1.04813E-01 6.14693E+01
5.28797E+02 1.61893E-04 9.52787E-02 5.64656E+01
5.36690E+02 1.45166E-04 8.63681E-02 5.17189E+01
5.44582E+02 1.29818E-04 7.80718E-02 4.72341E+01
5.52475E+02 1.15753E-04 7.03574E-02 4.30030E+01
5.60367E+02 1.02913E-04 6.32138E-02 3.90285E+01
5.68260E+02 9.11859E-05 5.65968E-02 3.52948E+01
5.76152E+02 8.05723E-05 5.05243E-02 3.18204E+01
5.84045E+02 7.09328E-05 4.49330E-02 2.85772E+01
5.91937E+02 6.22292E-05 3.98160E-02 2.55687E+01
5.99830E+02 5.43762E-05 3.51370E-02 2.27809E+01
6.07722E+02 4.73155E-05 3.08744E-02 2.02075E+01
6.15615E+02 4.09995E-05 2.70115E-02 1.78448E+01
6.23507E+02 3.53619E-05 2.35191E-02 1.56813E+01
6.31400E+02 3.03385E-05 2.03676E-02 1.37041E+01
6.39292E+02 2.58760E-05 1.75327E-02 1.19032E+01
6.47185E+02 2.19320E-05 1.49961E-02 1.02717E+01
6.55077E+02 1.84659E-05 1.27395E-02 8.80258E+00
6.62970E+02 1.54268E-05 1.07370E-02 7.48306E+00
6.70862E+02 1.27668E-05 8.96321E-03 6.30026E+00
6.78755E+02 1.04650E-05 7.41017E-03 5.25239E+00
6.86647E+02 8.47932E-06 6.05471E-03 4.32714E+00
6.94540E+02 6.77932E-06 4.88091E-03 3.51664E+00
7.02432E+02 5.32867E-06 3.86782E-03 2.80914E+00
7.10325E+02 4.10684E-06 3.00489E-03 2.19967E+00
7.18217E+02 3.09040E-06 2.27900E-03 1.68127E+00
7.26110E+02 2.25476E-06 1.67564E-03 1.24562E+00
7.34002E+02 1.58053E-06 1.18351E-03 8.86405E-01
7.41895E+02 1.04879E-06 7.91203E-04 5.96967E-01
7.49787E+02 6.41520E-07 4.87519E-04 3.70521E-01
7.57680E+02 3.46431E-07 2.65164E-04 2.02971E-01
7.65572E+02 1.48611E-07 1.14555E-04 8.83052E-02
7.73465E+02 3.68653E-08 2.86138E-05 2.22094E-02
7.81357E+02 0.00000E+00 0.00000E+00 0.00000E+00
