4.304577166145985336e-43
5.304376991697251734e-43
9.594226269455025371e-43
5.666830771241249533e-43
9.956430601608264329e-43
1.095546111091868004e-42
1.524738659613337124e-42
6.947866150155863900e-43
1.123664453748962788e-42
1.223565185147732177e-42
1.652736563047227808e-42
1.259783883422153712e-42
1.688949643220195102e-42
1.788833713312640840e-42
2.218088882117107139e-42
6.509537067168870290e-43
1.079858978033000497e-42
1.179760450127797288e-42
1.608939009276756327e-42
1.215979388933118377e-42
1.645152191579619395e-42
1.745036532489988063e-42
2.174294719774473443e-42
1.343996098534023929e-42
1.773149093180966479e-42
1.873032660567719841e-42
2.302282302722289990e-42
1.909245266491043351e-42
2.338492607141437687e-42
2.438369400590063474e-42
2.867660335702979476e-42
7.483247395670849706e-43
1.177169392208115174e-42
1.277069289778440061e-42
1.706231881070068550e-42
1.313287717495667752e-42
1.742444844340529411e-42
1.842328603368137536e-42
2.271580054801145212e-42
1.441302816513051134e-42
1.870441037298036469e-42
1.970324081221225193e-42
2.399567279639816367e-42
2.006536511971687986e-42
2.435777486518073090e-42
2.535654015979076906e-42
2.964941509353921942e-42
1.397499352306565553e-42
1.826644038765623716e-42
1.926527316152474140e-42
2.355773346224261214e-42
1.962739825189333540e-42
2.391983596810950198e-42
2.491860244560892970e-42
2.921149253776982440e-42
2.090734534382899112e-42
2.519970392970174144e-42
2.619846699034104420e-42
3.049131404253509608e-42
2.656056695429389590e-42
3.085340232962414824e-42
3.185213125674690910e-42
3.614523044368727516e-42
5.357439504841752609e-43
9.647248279635948049e-43
1.064628517945784518e-42
1.493826265590957181e-42
1.100848175818234239e-42
1.530039744232948148e-42
1.629924866980211435e-42
2.059191004898719305e-42
1.228867147774554384e-42
1.658037604863338216e-42
1.757921872480214219e-42
2.187179061349630640e-42
1.794134713447768681e-42
2.223389494206734575e-42
2.323266633422661818e-42
2.752561570358328021e-42
1.185062445048801515e-42
1.614240064886868114e-42
1.714124610800287911e-42
2.143384855366388977e-42
1.750337544734575843e-42
2.179595338477670923e-42
2.279472612868387386e-42
2.708769158681731494e-42
1.878333638038119915e-42
2.307582902328639107e-42
2.407459787544837938e-42
2.836751761763193832e-42
2.443669980894588739e-42
2.872960715045748634e-42
2.972833947225604796e-42
3.402148284114371567e-42
1.282371216672589698e-42
1.711532907287797391e-42
1.811416855392975074e-42
2.240670284613305842e-42
1.847629589808917949e-42
2.276880659322725801e-42
2.376757641707729872e-42
2.806050591417388938e-42
1.975625035667128279e-42
2.404867866307534978e-42
2.504744482403648902e-42
2.934032985429662768e-42
2.540954584498698067e-42
2.970241881196883389e-42
3.070114956590635153e-42
3.499427190147224023e-42
1.931828280930876320e-42
2.361073938711154906e-42
2.460950675354897321e-42
2.890240707389825906e-42
2.497160818392793175e-42
2.926449629004514170e-42
3.026322774839268588e-42
3.455635936217643612e-42
2.625147257421519241e-42
3.054431769619883338e-42
3.154304711164667310e-42
3.583615231805916385e-42
3.190513480822669160e-42
3.619823281922460664e-42
3.719694115641037932e-42
4.149019837485477657e-42
9.808765743259201608e-43
1.409601809081696219e-42
1.509498463686849896e-42
1.938627834502681022e-42
1.545715824370214931e-42
1.974840322375199999e-42
2.074722812528391273e-42
2.503959902043165925e-42
1.673727510971398931e-42
2.102834962789850684e-42
2.202716852421847798e-42
2.631946319940619695e-42
2.238928893693139938e-42
2.668156306287180047e-42
2.768032238223485027e-42
3.197312299404590236e-42
1.629925146534060324e-42
2.059038470663109211e-42
2.158920556839361621e-42
2.588152651812771226e-42
2.195132664194734519e-42
2.624362676146540014e-42
2.724238711499700314e-42
3.153520199918953584e-42
2.323126054736974220e-42
2.752348721241190094e-42
2.852224456925033997e-42
3.281501897068629610e-42
2.888434258514999524e-42
3.317710600589357045e-42
3.417583151404397994e-42
3.846888606407140568e-42
1.727228943513499036e-42
2.156329064782782436e-42
2.256210727770964941e-42
2.685436920988247325e-42
2.292422693098452425e-42
2.721646863320383880e-42
2.821522675044813410e-42
3.250800957070764093e-42
2.420415618936028578e-42
2.849632637005553945e-42
2.949508163853564487e-42
3.378782487387855887e-42
2.985717894514161212e-42
3.414991144612263739e-42
3.514863568154550210e-42
3.944167101999282548e-42
2.376619686580503205e-42
2.805839180380225582e-42
2.905714801190396189e-42
3.334990494549930905e-42
2.941924563826303249e-42
3.371199172656393808e-42
3.471071653565646624e-42
3.900376033232637676e-42
3.069909738547843523e-42
3.499180498039843576e-42
3.599052811870729304e-42
4.028354788880782206e-42
3.635261365851264534e-42
4.064562688828211543e-42
4.164433109970408632e-42
4.593753134248556198e-42
1.514800247826153782e-42
1.943928796528931537e-42
2.043811444764074296e-42
2.473050342480031671e-42
2.080023741706463330e-42
2.509260474461332789e-42
2.609136801691428535e-42
3.038421975960623915e-42
2.208017755042718932e-42
2.637246877029543215e-42
2.737122884976381099e-42
3.166403890222859440e-42
2.773332779535355987e-42
3.202612653772598333e-42
3.302485368745404353e-42
3.731793019131985667e-42
2.164221468037022852e-42
2.593453213897582868e-42
2.693329327062521372e-42
3.122611770701262674e-42
2.729539257404870096e-42
3.158820557276529286e-42
3.258693335271154717e-42
3.688001867338791606e-42
2.857524989414119485e-42
3.286802245685285328e-42
3.386674840486408969e-42
3.815980865501696000e-42
3.422883490883980837e-42
3.852188833041283929e-42
3.952059440358976855e-42
4.381382171591755442e-42
2.261511620727099934e-42
2.690737472375826577e-42
2.790613358027595437e-42
3.219892571281875756e-42
2.826823211121730822e-42
3.256101308003238896e-42
3.355973949339707719e-42
3.785280500741232744e-42
2.954808687233344693e-42
3.384082829985215823e-42
3.483955295757150813e-42
3.913259388025894067e-42
3.520163902007619179e-42
3.949467324651715073e-42
4.049337846719371508e-42
4.478659288659629890e-42
2.911015328704007753e-42
3.340290839877564894e-42
3.440163363796210801e-42
3.869468307107233947e-42
3.476371989974931611e-42
3.905676257693328930e-42
4.005546818230595413e-42
4.434868828559003359e-42
3.604353140771347714e-42
4.033655008029326324e-42
4.133525456315195634e-42
4.562845848994588469e-42
4.169733323492483483e-42
4.599053274487778007e-42
4.698922440367230575e-42
5.128254495008602347e-42
9.890592736733416675e-43
1.417780046192178010e-42
1.517676608730286518e-42
1.946804742437014852e-42
1.553893939417431332e-42
1.983017216357345113e-42
2.082899668873289460e-42
2.512136220470217574e-42
1.681905530935910741e-42
2.111011811516028000e-42
2.210893666856369335e-42
2.640122614234841196e-42
2.247105696684576589e-42
2.676332593945056343e-42
2.776208507728192743e-42
3.205488287096541592e-42
1.638103196814667049e-42
2.067215334038828287e-42
2.167097384841887245e-42
2.596328953986793961e-42
2.203309480394542085e-42
2.632538971510774442e-42
2.732414988259649050e-42
3.161696192323475366e-42
2.331302832539859104e-42
2.760524994165475332e-42
2.860400712520269208e-42
3.289677875709262954e-42
2.896610508255326283e-42
3.325886575407221059e-42
3.425759115688315166e-42
3.855064400543026208e-42
1.735406929861098312e-42
2.164505896918784479e-42
2.264387526852745983e-42
2.693613206261408728e-42
2.300599481149646276e-42
2.729823142158057743e-42
2.829698936251817154e-42
3.258976939331529937e-42
2.428592371073379146e-42
2.857808894624599592e-42
2.957684405010502564e-42
3.386958456513715930e-42
2.993894130110483343e-42
3.423167110083003797e-42
3.523039523533146048e-42
3.952342889845606275e-42
2.384796450338822346e-42
2.814015444925094616e-42
2.913891048890211174e-42
3.343166467986459970e-42
2.950100805835494519e-42
3.379375142363538678e-42
3.479247612984758144e-42
3.908551823932032893e-42
3.078085961775911119e-42
3.507356455336535457e-42
3.607228759437721305e-42
4.036530571208879614e-42
3.643437310106589961e-42
4.072738468812420861e-42
4.172608883453656564e-42
4.601928797295969054e-42
1.522978389115408140e-42
1.952105702665822777e-42
2.051988312364288866e-42
2.481226667287701587e-42
2.088200596456027170e-42
2.517436791962112371e-42
2.617313099296190931e-42
3.046597981764058053e-42
2.216194568042718873e-42
2.645423170474288282e-42
2.745299159946325073e-42
3.174579881444074608e-42
2.781509048262812958e-42
3.210788640953140422e-42
3.310661344817797021e-42
3.739968821505849626e-42
2.172398294552826356e-42
2.601629515196992090e-42
2.701505609422623727e-42
3.130787766710182943e-42
2.737715533365485284e-42
3.166996549157299799e-42
3.266869315813834659e-42
3.696177672832071630e-42
2.865701244272288420e-42
3.294978223837148515e-42
3.394850807954109493e-42
3.824156661863350886e-42
3.431059454712865078e-42
3.860364626854304004e-42
3.960235227126937941e-42
4.389557844485321922e-42
2.269688418434482351e-42
2.698913756828715469e-42
2.798789624543463910e-42
3.228068556984253496e-42
2.834999471577200467e-42
3.264277289767050552e-42
3.364149920263759424e-42
3.793456299502813685e-42
2.962984927695855279e-42
3.392258798646569773e-42
3.492131254186470505e-42
3.921435178015070430e-42
3.528339856953090923e-42
3.957643112188852797e-42
4.057513627467763438e-42
4.486834957091985260e-42
2.919191575690610783e-42
3.348466812838860623e-42
3.448339326325051113e-42
3.877644099986320457e-42
3.484547948951229852e-42
3.913852048077472286e-42
4.013722601712062052e-42
4.443044499016544322e-42
3.612529087923065260e-42
4.041830790059469664e-42
4.141701231768631165e-42
4.571021513502108933e-42
4.177909096694775637e-42
4.607228937324203683e-42
4.707098098560251503e-42
5.136430074759463062e-42
1.967825115967771690e-42
2.396896741862220931e-42
2.496777423399849389e-42
2.925990594811330347e-42
2.532989056628733110e-42
2.962200343219196544e-42
3.062075626117326623e-42
3.491346741237618538e-42
2.660980886619512130e-42
3.090185470920074664e-42
3.190060501178288608e-42
3.619327869880130202e-42
3.226270062025621675e-42
3.655536415576663963e-42
3.755408532929650814e-42
4.184707741555126160e-42
2.617185312865979347e-42
3.046392226957744971e-42
3.146267340607528156e-42
3.575536009844784363e-42
3.182476929841285325e-42
3.611744574354652203e-42
3.711616743592526337e-42
4.140916761057743657e-42
3.310461525875372515e-42
3.739725518260094295e-42
3.839597536085062271e-42
4.268895258715353021e-42
3.875805988179122666e-42
4.305103086640791469e-42
4.404973309249608578e-42
4.834290469312343696e-42
2.714473934117341042e-42
3.143675581314647137e-42
3.243550514583950328e-42
3.672816249047142870e-42
3.279760042553541930e-42
3.709024772834873843e-42
3.808896829559020818e-42
4.238195023096386936e-42
3.407744435176599345e-42
3.837005580568297058e-42
3.936877491416005098e-42
4.366173427579626240e-42
3.973085906927642954e-42
4.402381229374577894e-42
4.502251379486592629e-42
4.931567336681906714e-42
3.363951433046791728e-42
3.793213826401085274e-42
3.893085785595468068e-42
4.322382506644766023e-42
3.929294217673388961e-42
4.358590320270884213e-42
4.458460503171734413e-42
4.887776989631307714e-42
4.057274716733540708e-42
4.486568608583642499e-42
4.586438695531052179e-42
5.015753678806759779e-42
4.622646437928569202e-42
5.051961011418943309e-42
5.151829920295705144e-42
5.581158125036963976e-42
2.502078272934856370e-42
2.931291120530762930e-42
3.031166468912727003e-42
3.460438459235934466e-42
3.067376138400001359e-42
3.496647076533586537e-42
3.596519390763260767e-42
4.025821474827136966e-42
3.195361002320614351e-42
3.624628197735605125e-42
3.724500353387301498e-42
4.153800092823376457e-42
3.760708852913471256e-42
4.190007954370476763e-42
4.289878269740981758e-42
4.719196789437817417e-42
3.151567845372181042e-42
3.580836340135151795e-42
3.680708548330184552e-42
4.110009101212153373e-42
3.716917065864757037e-42
4.146216975512344417e-42
4.246087326134120671e-42
4.675406392141750158e-42
3.844897851612345735e-42
4.274195468341147546e-42
4.374065715939601372e-42
4.803383228769098818e-42
4.410273513727488450e-42
4.839590602799059367e-42
4.939459626537896471e-42
5.368789634098469861e-42
3.248851011621532658e-42
3.678116574116363127e-42
3.777988668369386633e-42
4.207287387386415030e-42
3.814197146928237787e-42
4.243495234025871021e-42
4.343365508063655449e-42
4.772683342912391902e-42
3.942177802311987489e-42
4.371473633854456437e-42
4.471343808182088889e-42
4.900660112565544233e-42
4.507551580785985861e-42
4.936867467766680114e-42
5.036736439196430342e-42
5.466065587369750282e-42
3.898386098606229629e-42
4.327682714447572729e-42
4.427552921909350328e-42
4.856869758081304364e-42
4.463760705922308841e-42
4.893077121811570766e-42
4.992946116911488895e-42
5.422275643682559227e-42
4.591738893991502736e-42
5.021053807750980967e-42
5.120922733516404555e-42
5.550251183212052343e-42
5.157130045762960542e-42
5.586458201114178385e-42
5.686326277586374504e-42
6.115663752357287940e-42
