1.000000000000000000e+00;2.000000000000000888e+00;2.187719396273010858e-42
1.000000000000000000e+00;2.100000000000000977e+00;2.276841747838009685e-42
1.000000000000000000e+00;2.200000000000001066e+00;2.368651002500021807e-42
1.000000000000000000e+00;2.300000000000001155e+00;2.461193445133036041e-42
1.000000000000000000e+00;2.400000000000001243e+00;2.559419164646863548e-42
1.000000000000000000e+00;2.500000000000001332e+00;2.659634651632851135e-42
1.000000000000000000e+00;2.600000000000001421e+00;2.764175412646714820e-42
1.000000000000000000e+00;2.700000000000001510e+00;2.874637769878911302e-42
1.000000000000000000e+00;2.800000000000001599e+00;2.991654550288310841e-42
1.000000000000000000e+00;2.900000000000001688e+00;3.111397470590715294e-42
1.000000000000000000e+00;3.000000000000001776e+00;3.236453452977308756e-42
1.000000000000000000e+00;3.100000000000001865e+00;3.363725930877917799e-42
1.000000000000000000e+00;3.200000000000001954e+00;3.491819585172533218e-42
1.000000000000000000e+00;3.300000000000002043e+00;3.620288269779428096e-42
1.000000000000000000e+00;3.400000000000002132e+00;3.747143752416725741e-42
1.000000000000000000e+00;3.500000000000002220e+00;3.870637119566367373e-42
1.000000000000000000e+00;3.600000000000002309e+00;3.990797402146873347e-42
1.000000000000000000e+00;3.700000000000002398e+00;4.106275843078915164e-42
1.000000000000000000e+00;3.800000000000002487e+00;4.217593557313391815e-42
1.000000000000000000e+00;3.900000000000002576e+00;4.323898111078057233e-42
1.000000000000000000e+00;4.000000000000002665e+00;4.425277503962454149e-42
1.000000000000000000e+00;4.100000000000003197e+00;4.522690274037804275e-42
1.000000000000000000e+00;4.200000000000002842e+00;4.616123091971098346e-42
1.000000000000000000e+00;4.300000000000002487e+00;4.706567422362243570e-42
1.000000000000000000e+00;4.400000000000003020e+00;4.795079988625069944e-42
1.000000000000000000e+00;4.500000000000003553e+00;4.881749370031152032e-42
1.000000000000000000e+00;4.600000000000003197e+00;4.968205265389213354e-42
1.000000000000000000e+00;4.700000000000002842e+00;5.052330426657379803e-42
1.000000000000000000e+00;4.800000000000003375e+00;5.135240580342218279e-42
1.000000000000000000e+00;4.900000000000003908e+00;5.218113966005759457e-42
1.000000000000000000e+00;5.000000000000003553e+00;5.300891804847941517e-42
1.000000000000000000e+00;5.100000000000003197e+00;5.382576285493087247e-42
1.000000000000000000e+00;5.200000000000003730e+00;5.465097621366699719e-42
1.000000000000000000e+00;5.300000000000004263e+00;5.546776451886754110e-42
1.000000000000000000e+00;5.400000000000003908e+00;5.628248842832222224e-42
1.000000000000000000e+00;5.500000000000003553e+00;5.709322551592411111e-42
1.000000000000000000e+00;5.600000000000004086e+00;5.790166563897614122e-42
1.000000000000000000e+00;5.700000000000004619e+00;5.871217670211937240e-42
1.000000000000000000e+00;5.800000000000004263e+00;5.951796657169875664e-42
1.000000000000000000e+00;5.900000000000003908e+00;6.032413405004219798e-42
1.000000000000000000e+00;6.000000000000004441e+00;6.112825887782180388e-42
1.100000000000000089e+00;2.100000000000000977e+00;2.394217856698465954e-42
1.100000000000000089e+00;2.200000000000001066e+00;2.498044550788699655e-42
1.100000000000000089e+00;2.300000000000001155e+00;2.602410826786298979e-42
1.100000000000000089e+00;2.400000000000001243e+00;2.713224955681402876e-42
1.100000000000000089e+00;2.500000000000001332e+00;2.826153360295683476e-42
1.100000000000000089e+00;2.600000000000001421e+00;2.943963267284567284e-42
1.100000000000000089e+00;2.700000000000001510e+00;3.068519744470223795e-42
1.100000000000000089e+00;2.800000000000001599e+00;3.200549129674537164e-42
1.100000000000000089e+00;2.900000000000001688e+00;3.335638464194895954e-42
1.100000000000000089e+00;3.000000000000001776e+00;3.476742438563627100e-42
1.100000000000000089e+00;3.100000000000001865e+00;3.620305276310776504e-42
1.100000000000000089e+00;3.200000000000001954e+00;3.764795906989694479e-42
1.100000000000000089e+00;3.300000000000002043e+00;3.909612000311702491e-42
1.100000000000000089e+00;3.400000000000002132e+00;4.052608649718454530e-42
1.100000000000000089e+00;3.500000000000002220e+00;4.191656957401632887e-42
1.100000000000000089e+00;3.600000000000002309e+00;4.326973090858062179e-42
1.100000000000000089e+00;3.700000000000002398e+00;4.456885484033655879e-42
1.100000000000000089e+00;3.800000000000002487e+00;4.582098618529641308e-42
1.100000000000000089e+00;3.900000000000002576e+00;4.701661941469529133e-42
1.100000000000000089e+00;4.000000000000002665e+00;4.815558641470535304e-42
1.100000000000000089e+00;4.100000000000003197e+00;4.925039956400734325e-42
1.100000000000000089e+00;4.200000000000002842e+00;5.030077731448706192e-42
1.100000000000000089e+00;4.300000000000002487e+00;5.131732974374159888e-42
1.100000000000000089e+00;4.400000000000003020e+00;5.231196510592266343e-42
1.100000000000000089e+00;4.500000000000003553e+00;5.328696285954508853e-42
1.100000000000000089e+00;4.600000000000003197e+00;5.426042998215419166e-42
1.100000000000000089e+00;4.700000000000002842e+00;5.520794844893985270e-42
1.100000000000000089e+00;4.800000000000003375e+00;5.614156973929462288e-42
1.100000000000000089e+00;4.900000000000003908e+00;5.707530408542765443e-42
1.100000000000000089e+00;5.000000000000003553e+00;5.800856406651772136e-42
1.100000000000000089e+00;5.100000000000003197e+00;5.893050764679162338e-42
1.100000000000000089e+00;5.200000000000003730e+00;5.986248962919157256e-42
1.100000000000000089e+00;5.300000000000004263e+00;6.078533982933093219e-42
1.100000000000000089e+00;5.400000000000003908e+00;6.170628105175515816e-42
1.100000000000000089e+00;5.500000000000003553e+00;6.262272655811003456e-42
1.100000000000000089e+00;5.600000000000004086e+00;6.353686976844649701e-42
1.100000000000000089e+00;5.700000000000004619e+00;6.445376423743518779e-42
1.100000000000000089e+00;5.800000000000004263e+00;6.536565100416070286e-42
1.100000000000000089e+00;5.900000000000003908e+00;6.627831395304369572e-42
1.100000000000000089e+00;6.000000000000004441e+00;6.718897563958548070e-42
1.200000000000000178e+00;2.200000000000001066e+00;2.630972094164062437e-42
1.200000000000000178e+00;2.300000000000001155e+00;2.748548822683123048e-42
1.200000000000000178e+00;2.400000000000001243e+00;2.873351394016001286e-42
1.200000000000000178e+00;2.500000000000001332e+00;3.000309021022642103e-42
1.200000000000000178e+00;2.600000000000001421e+00;3.132715818688321937e-42
1.200000000000000178e+00;2.700000000000001510e+00;3.272756894606918437e-42
1.200000000000000178e+00;2.800000000000001599e+00;3.421243672961321995e-42
1.200000000000000178e+00;2.900000000000001688e+00;3.573066990108023751e-42
1.200000000000000178e+00;3.000000000000001776e+00;3.731738043716885637e-42
1.200000000000000178e+00;3.100000000000001865e+00;3.893108021615981984e-42
1.200000000000000178e+00;3.200000000000001954e+00;4.055385421621180156e-42
1.200000000000000178e+00;3.300000000000002043e+00;4.218025201270908953e-42
1.200000000000000178e+00;3.400000000000002132e+00;4.378479584758919662e-42
1.200000000000000178e+00;3.500000000000002220e+00;4.534442113210683921e-42
1.200000000000000178e+00;3.600000000000002309e+00;4.686097860655684928e-42
1.200000000000000178e+00;3.700000000000002398e+00;4.831638990675571414e-42
1.200000000000000178e+00;3.800000000000002487e+00;4.971828339902674147e-42
1.200000000000000178e+00;3.900000000000002576e+00;5.105630063008621138e-42
1.200000000000000178e+00;4.000000000000002665e+00;5.233057566845984105e-42
1.200000000000000178e+00;4.100000000000003197e+00;5.355515451710153491e-42
1.200000000000000178e+00;4.200000000000002842e+00;5.472995144049297149e-42
1.200000000000000178e+00;4.300000000000002487e+00;5.586705220170396451e-42
1.200000000000000178e+00;4.400000000000003020e+00;5.698010049719996313e-42
1.200000000000000178e+00;4.500000000000003553e+00;5.807164770332591255e-42
1.200000000000000178e+00;4.600000000000003197e+00;5.916226704857045453e-42
1.200000000000000178e+00;4.700000000000002842e+00;6.022396910445748409e-42
1.200000000000000178e+00;4.800000000000003375e+00;6.127068574688388485e-42
1.200000000000000178e+00;4.900000000000003908e+00;6.231835458188522271e-42
1.200000000000000178e+00;5.000000000000003553e+00;6.336615804690117956e-42
1.200000000000000178e+00;5.100000000000003197e+00;6.440174743301712046e-42
1.200000000000000178e+00;5.200000000000003730e+00;6.544933708955851428e-42
1.200000000000000178e+00;5.300000000000004263e+00;6.648712636477169144e-42
1.200000000000000178e+00;5.400000000000003908e+00;6.752273648612103890e-42
1.200000000000000178e+00;5.500000000000003553e+00;6.855414954567344273e-42
1.200000000000000178e+00;5.600000000000004086e+00;6.958354372653663262e-42
1.200000000000000178e+00;5.700000000000004619e+00;7.061650551019284949e-42
1.200000000000000178e+00;5.800000000000004263e+00;7.164420646035225738e-42
1.200000000000000178e+00;5.900000000000003908e+00;7.267318182267890207e-42
1.200000000000000178e+00;6.000000000000004441e+00;7.370025709611748523e-42
1.300000000000000266e+00;2.300000000000001155e+00;2.888766459855824143e-42
1.300000000000000266e+00;2.400000000000001243e+00;3.029653507926690831e-42
1.300000000000000266e+00;2.500000000000001332e+00;3.172503537371908775e-42
1.300000000000000266e+00;2.600000000000001421e+00;3.321281590028422934e-42
1.300000000000000266e+00;2.700000000000001510e+00;3.478571027099730047e-42
1.300000000000000266e+00;2.800000000000001599e+00;3.645347858977688866e-42
1.300000000000000266e+00;2.900000000000001688e+00;3.815728935518020726e-42
1.300000000000000266e+00;3.000000000000001776e+00;3.993722273128212159e-42
1.300000000000000266e+00;3.100000000000001865e+00;4.174569013674268650e-42
1.300000000000000266e+00;3.200000000000001954e+00;4.356410227596249078e-42
1.300000000000000266e+00;3.300000000000002043e+00;4.538457533359942871e-42
1.300000000000000266e+00;3.400000000000002132e+00;4.717958900962344216e-42
1.300000000000000266e+00;3.500000000000002220e+00;4.892270965027667650e-42
1.300000000000000266e+00;3.600000000000002309e+00;5.061662100168206471e-42
1.300000000000000266e+00;3.700000000000002398e+00;5.224063276812487606e-42
1.300000000000000266e+00;3.800000000000002487e+00;5.380491140115932433e-42
1.300000000000000266e+00;3.900000000000002576e+00;5.529593665209854130e-42
1.300000000000000266e+00;4.000000000000002665e+00;5.671625532660127183e-42
1.300000000000000266e+00;4.100000000000003197e+00;5.808055881617010070e-42
1.300000000000000266e+00;4.200000000000002842e+00;5.938871811207836750e-42
1.300000000000000266e+00;4.300000000000002487e+00;6.065564167840437752e-42
1.300000000000000266e+00;4.400000000000003020e+00;6.189656692845712946e-42
1.300000000000000266e+00;4.500000000000003553e+00;6.311322418717590058e-42
1.300000000000000266e+00;4.600000000000003197e+00;6.432977166406037782e-42
1.300000000000000266e+00;4.700000000000002842e+00;6.551466673921039112e-42
1.300000000000000266e+00;4.800000000000003375e+00;6.668424706585833349e-42
1.300000000000000266e+00;4.900000000000003908e+00;6.785478905593211615e-42
1.300000000000000266e+00;5.000000000000003553e+00;6.902622477566096779e-42
1.300000000000000266e+00;5.100000000000003197e+00;7.018458254248111083e-42
1.300000000000000266e+00;5.200000000000003730e+00;7.135722841530339677e-42
1.300000000000000266e+00;5.300000000000004263e+00;7.251945204968132684e-42
1.300000000000000266e+00;5.400000000000003908e+00;7.368046169150972073e-42
1.300000000000000266e+00;5.500000000000003553e+00;7.483714029897014524e-42
1.300000000000000266e+00;5.600000000000004086e+00;7.599165685320906275e-42
1.300000000000000266e+00;5.700000000000004619e+00;7.715073641627196191e-42
1.300000000000000266e+00;5.800000000000004263e+00;7.830436728584714064e-42
1.300000000000000266e+00;5.900000000000003908e+00;7.945990782975892331e-42
1.300000000000000266e+00;6.000000000000004441e+00;8.061374168627689715e-42
1.400000000000000355e+00;2.400000000000001243e+00;3.191230697530981546e-42
1.400000000000000355e+00;2.500000000000001332e+00;3.351936776755295735e-42
1.400000000000000355e+00;2.600000000000001421e+00;3.518950206556667453e-42
1.400000000000000355e+00;2.700000000000001510e+00;3.695354671542227192e-42
1.400000000000000355e+00;2.800000000000001599e+00;3.882304597893408445e-42
1.400000000000000355e+00;2.900000000000001688e+00;4.073009758684334192e-42
1.400000000000000355e+00;3.000000000000001776e+00;4.272218997538308831e-42
1.400000000000000355e+00;3.100000000000001865e+00;4.474370673076619640e-42
1.400000000000000355e+00;3.200000000000001954e+00;4.677426813146005674e-42
1.400000000000000355e+00;3.300000000000002043e+00;4.880639791074909267e-42
1.400000000000000355e+00;3.400000000000002132e+00;5.080729489229734085e-42
1.400000000000000355e+00;3.500000000000002220e+00;5.274904331311885606e-42
1.400000000000000355e+00;3.600000000000002309e+00;5.463387596328084861e-42
1.400000000000000355e+00;3.700000000000002398e+00;5.644009163922539838e-42
1.400000000000000355e+00;3.800000000000002487e+00;5.817766054430520677e-42
1.400000000000000355e+00;3.900000000000002576e+00;5.983405283224952586e-42
1.400000000000000355e+00;4.000000000000002665e+00;6.140990259195459287e-42
1.400000000000000355e+00;4.100000000000003197e+00;6.292376921703698162e-42
1.400000000000000355e+00;4.200000000000002842e+00;6.437572256149865738e-42
1.400000000000000355e+00;4.300000000000002487e+00;6.578091498825917078e-42
1.400000000000000355e+00;4.400000000000003020e+00;6.715798898827494271e-42
1.400000000000000355e+00;4.500000000000003553e+00;6.850968633725262096e-42
1.400000000000000355e+00;4.600000000000003197e+00;6.986215869030192915e-42
1.400000000000000355e+00;4.700000000000002842e+00;7.117882073430875806e-42
1.400000000000000355e+00;4.800000000000003375e+00;7.247922274095019408e-42
1.400000000000000355e+00;4.900000000000003908e+00;7.378273535886253651e-42
1.400000000000000355e+00;5.000000000000003553e+00;7.508820610079214450e-42
1.400000000000000355e+00;5.100000000000003197e+00;7.637962912369031194e-42
1.400000000000000355e+00;5.200000000000003730e+00;7.768719224382726325e-42
1.400000000000000355e+00;5.300000000000004263e+00;7.898379194590884658e-42
1.400000000000000355e+00;5.400000000000003908e+00;8.027977631559772621e-42
1.400000000000000355e+00;5.500000000000003553e+00;8.157182035517621672e-42
1.400000000000000355e+00;5.600000000000004086e+00;8.286256158480481301e-42
1.400000000000000355e+00;5.700000000000004619e+00;8.415904543917621179e-42
1.400000000000000355e+00;5.800000000000004263e+00;8.544995179172610739e-42
1.400000000000000355e+00;5.900000000000003908e+00;8.674354074335862607e-42
1.400000000000000355e+00;6.000000000000004441e+00;8.803527045283775927e-42
1.500000000000000444e+00;2.500000000000001332e+00;3.524156061051236195e-42
1.500000000000000444e+00;2.600000000000001421e+00;3.712189434037771534e-42
1.500000000000000444e+00;2.700000000000001510e+00;3.910345110182413312e-42
1.500000000000000444e+00;2.800000000000001599e+00;4.120035941552236982e-42
1.500000000000000444e+00;2.900000000000001688e+00;4.333451756941614961e-42
1.500000000000000444e+00;3.000000000000001776e+00;4.556158909223358795e-42
1.500000000000000444e+00;3.100000000000001865e+00;4.781852893174136435e-42
1.500000000000000444e+00;3.200000000000001954e+00;5.008248103405092063e-42
1.500000000000000444e+00;3.300000000000002043e+00;5.234569133454706515e-42
1.500000000000000444e+00;3.400000000000002132e+00;5.457146337369648906e-42
1.500000000000000444e+00;3.500000000000002220e+00;5.672854606707811825e-42
1.500000000000000444e+00;3.600000000000002309e+00;5.882060057358911760e-42
1.500000000000000444e+00;3.700000000000002398e+00;6.082288005656248652e-42
1.500000000000000444e+00;3.800000000000002487e+00;6.274805278763302615e-42
1.500000000000000444e+00;3.900000000000002576e+00;6.458187549896205578e-42
1.500000000000000444e+00;4.000000000000002665e+00;6.632476555311508409e-42
1.500000000000000444e+00;4.100000000000003197e+00;6.799926219735431982e-42
1.500000000000000444e+00;4.200000000000002842e+00;6.960442942643252636e-42
1.500000000000000444e+00;4.300000000000002487e+00;7.115817214285907756e-42
1.500000000000000444e+00;4.400000000000003020e+00;7.268183243032693233e-42
1.500000000000000444e+00;4.500000000000003553e+00;7.417812572836875101e-42
1.500000000000000444e+00;4.600000000000003197e+00;7.567526590256409639e-42
1.500000000000000444e+00;4.700000000000002842e+00;7.713443682012331079e-42
1.500000000000000444e+00;4.800000000000003375e+00;7.857643351235490604e-42
1.500000000000000444e+00;4.900000000000003908e+00;8.002303636255224581e-42
1.500000000000000444e+00;5.000000000000003553e+00;8.147215041113346662e-42
1.500000000000000444e+00;5.100000000000003197e+00;8.290618536822768461e-42
1.500000000000000444e+00;5.200000000000003730e+00;8.436025212346233755e-42
1.500000000000000444e+00;5.300000000000004263e+00;8.580285969567390557e-42
1.500000000000000444e+00;5.400000000000003908e+00;8.724560871263951267e-42
1.500000000000000444e+00;5.500000000000003553e+00;8.868471428036350074e-42
1.500000000000000444e+00;5.600000000000004086e+00;9.012303823648982722e-42
1.500000000000000444e+00;5.700000000000004619e+00;9.156781609794412659e-42
1.500000000000000444e+00;5.800000000000004263e+00;9.300702395929898258e-42
1.500000000000000444e+00;5.900000000000003908e+00;9.444990787442051192e-42
1.500000000000000444e+00;6.000000000000004441e+00;9.589181316729822293e-42
1.600000000000000533e+00;2.600000000000001421e+00;3.912991567783137329e-42
1.600000000000000533e+00;2.700000000000001510e+00;4.135686249672326154e-42
1.600000000000000533e+00;2.800000000000001599e+00;4.370805169388338696e-42
1.600000000000000533e+00;2.900000000000001688e+00;4.609349679236637248e-42
1.600000000000000533e+00;3.000000000000001776e+00;4.857927748106859190e-42
1.600000000000000533e+00;3.100000000000001865e+00;5.109446328750299184e-42
1.600000000000000533e+00;3.200000000000001954e+00;5.361326755072569503e-42
1.600000000000000533e+00;3.300000000000002043e+00;5.612701805826796940e-42
1.600000000000000533e+00;3.400000000000002132e+00;5.859662700841123957e-42
1.600000000000000533e+00;3.500000000000002220e+00;6.098623373498217112e-42
1.600000000000000533e+00;3.600000000000002309e+00;6.330083014539607213e-42
1.600000000000000533e+00;3.700000000000002398e+00;6.551388385364233727e-42
1.600000000000000533e+00;3.800000000000002487e+00;6.763934807495178589e-42
1.600000000000000533e+00;3.900000000000002576e+00;6.966217300384581671e-42
1.600000000000000533e+00;4.000000000000002665e+00;7.158376684855219960e-42
1.600000000000000533e+00;4.100000000000003197e+00;7.342893707288845822e-42
1.600000000000000533e+00;4.200000000000002842e+00;7.519756607402411452e-42
1.600000000000000533e+00;4.300000000000002487e+00;7.690945515435419228e-42
1.600000000000000533e+00;4.400000000000003020e+00;7.858898278908090887e-42
1.600000000000000533e+00;4.500000000000003553e+00;8.023920332814939211e-42
1.600000000000000533e+00;4.600000000000003197e+00;8.189185811757931525e-42
1.600000000000000533e+00;4.700000000000002842e+00;8.350318030048429770e-42
1.600000000000000533e+00;4.800000000000003375e+00;8.509655815628790313e-42
1.600000000000000533e+00;4.900000000000003908e+00;8.669642706748618268e-42
1.600000000000000533e+00;5.000000000000003553e+00;8.830002670297941224e-42
1.600000000000000533e+00;5.100000000000003197e+00;8.988815900269722457e-42
1.600000000000000533e+00;5.200000000000003730e+00;9.149990085066460189e-42
1.600000000000000533e+00;5.300000000000004263e+00;9.309981966906405901e-42
1.600000000000000533e+00;5.400000000000003908e+00;9.470088889808882920e-42
1.600000000000000533e+00;5.500000000000003553e+00;9.629880746958846344e-42
1.600000000000000533e+00;5.600000000000004086e+00;9.789597730632582598e-42
1.600000000000000533e+00;5.700000000000004619e+00;9.950194678068172352e-42
1.600000000000000533e+00;5.800000000000004263e+00;1.011024576857349189e-41
1.600000000000000533e+00;5.900000000000003908e+00;1.027078350491273623e-41
1.600000000000000533e+00;6.000000000000004441e+00;1.043128159535671697e-41
1.700000000000000622e+00;2.700000000000001510e+00;4.369741711355141026e-42
1.700000000000000622e+00;2.800000000000001599e+00;4.633522263980972434e-42
1.700000000000000622e+00;2.900000000000001688e+00;4.900108083827584238e-42
1.700000000000000622e+00;3.000000000000001776e+00;5.177395384399877151e-42
1.700000000000000622e+00;3.100000000000001865e+00;5.457307993599086056e-42
1.700000000000000622e+00;3.200000000000001954e+00;5.736923935255394721e-42
1.700000000000000622e+00;3.300000000000002043e+00;6.015600901239744340e-42
1.700000000000000622e+00;3.400000000000002132e+00;6.288985138074317737e-42
1.700000000000000622e+00;3.500000000000002220e+00;6.552880524169410989e-42
1.700000000000000622e+00;3.600000000000002309e+00;6.808339507570603693e-42
1.700000000000000622e+00;3.700000000000002398e+00;7.052080445559328209e-42
1.700000000000000622e+00;3.800000000000002487e+00;7.286124074432720657e-42
1.700000000000000622e+00;3.900000000000002576e+00;7.508479928510824948e-42
1.700000000000000622e+00;4.000000000000002665e+00;7.719693965565389206e-42
1.700000000000000622e+00;4.100000000000003197e+00;7.922284549704393306e-42
1.700000000000000622e+00;4.200000000000002842e+00;8.116456531712074663e-42
1.700000000000000622e+00;4.300000000000002487e+00;8.304493794848328995e-42
1.700000000000000622e+00;4.400000000000003020e+00;8.488966229957725554e-42
1.700000000000000622e+00;4.500000000000003553e+00;8.670323604691048176e-42
1.700000000000000622e+00;4.600000000000003197e+00;8.852257377166057729e-42
1.700000000000000622e+00;4.700000000000002842e+00;9.029589768875425648e-42
1.700000000000000622e+00;4.800000000000003375e+00;9.205070197930719443e-42
1.700000000000000622e+00;4.900000000000003908e+00;9.381434706534033204e-42
1.700000000000000622e+00;5.000000000000003553e+00;9.558465651639398386e-42
1.700000000000000622e+00;5.100000000000003197e+00;9.733799237419593467e-42
1.700000000000000622e+00;5.200000000000003730e+00;9.911910956767461520e-42
1.700000000000000622e+00;5.300000000000004263e+00;1.008882104964788801e-41
1.700000000000000622e+00;5.400000000000003908e+00;1.026597728352393257e-41
1.700000000000000622e+00;5.500000000000003553e+00;1.044289159107832218e-41
1.700000000000000622e+00;5.600000000000004086e+00;1.061989695798487773e-41
1.700000000000000622e+00;5.700000000000004619e+00;1.079791535705065163e-41
1.700000000000000622e+00;5.800000000000004263e+00;1.097541615725277228e-41
1.700000000000000622e+00;5.900000000000003908e+00;1.115354976057200654e-41
1.700000000000000622e+00;6.000000000000004441e+00;1.133172211714015832e-41
1.800000000000000711e+00;2.800000000000001599e+00;4.912390676862589518e-42
1.800000000000000711e+00;2.900000000000001688e+00;5.210245802804805771e-42
1.800000000000000711e+00;3.000000000000001776e+00;5.519236554591221293e-42
1.800000000000000711e+00;3.100000000000001865e+00;5.830214875804819190e-42
1.800000000000000711e+00;3.200000000000001954e+00;6.140198785527768293e-42
1.800000000000000711e+00;3.300000000000002043e+00;6.448468141296856871e-42
1.800000000000000711e+00;3.400000000000002132e+00;6.750192627160106138e-42
1.800000000000000711e+00;3.500000000000002220e+00;7.041042855371585302e-42
1.800000000000000711e+00;3.600000000000002309e+00;7.322011924960272264e-42
1.800000000000000711e+00;3.700000000000002398e+00;7.589763385108232677e-42
1.800000000000000711e+00;3.800000000000002487e+00;7.846516078851991264e-42
1.800000000000000711e+00;3.900000000000002576e+00;8.090245619563906215e-42
1.800000000000000711e+00;4.000000000000002665e+00;8.321421551393083222e-42
1.800000000000000711e+00;4.100000000000003197e+00;8.543279221995420194e-42
1.800000000000000711e+00;4.200000000000002842e+00;8.755628345189091147e-42
1.800000000000000711e+00;4.300000000000002487e+00;8.961422228170621550e-42
1.800000000000000711e+00;4.400000000000003020e+00;9.163457233464812620e-42
1.800000000000000711e+00;4.500000000000003553e+00;9.362068260058002118e-42
1.800000000000000711e+00;4.600000000000003197e+00;9.561603709102666595e-42
1.800000000000000711e+00;4.700000000000002842e+00;9.756303231257808699e-42
1.800000000000000711e+00;4.800000000000003375e+00;9.948933677348979708e-42
1.800000000000000711e+00;4.900000000000003908e+00;1.014274045192693971e-41
1.800000000000000711e+00;5.000000000000003553e+00;1.033749950863714268e-41
1.800000000000000711e+00;5.100000000000003197e+00;1.053065530635533760e-41
1.800000000000000711e+00;5.200000000000003730e+00;1.072695927258640985e-41
1.800000000000000711e+00;5.300000000000004263e+00;1.092202122777471672e-41
1.800000000000000711e+00;5.400000000000003908e+00;1.111749748985094593e-41
1.800000000000000711e+00;5.500000000000003553e+00;1.131283475387783251e-41
1.800000000000000711e+00;5.600000000000004086e+00;1.150842378702156146e-41
1.800000000000000711e+00;5.700000000000004619e+00;1.170535019193194043e-41
1.800000000000000711e+00;5.800000000000004263e+00;1.190177670449808950e-41
1.800000000000000711e+00;5.900000000000003908e+00;1.209893479671679571e-41
1.800000000000000711e+00;6.000000000000004441e+00;1.229623476389043335e-41
1.900000000000000799e+00;2.900000000000001688e+00;5.529350272348757880e-42
1.900000000000000799e+00;3.000000000000001776e+00;5.874066302258506816e-42
1.900000000000000799e+00;3.100000000000001865e+00;6.219616316461505624e-42
1.900000000000000799e+00;3.200000000000001954e+00;6.562922734097042960e-42
1.900000000000000799e+00;3.300000000000002043e+00;6.903551741782415661e-42
1.900000000000000799e+00;3.400000000000002132e+00;7.236123420553402624e-42
1.900000000000000799e+00;3.500000000000002220e+00;7.555851391621599329e-42
1.900000000000000799e+00;3.600000000000002309e+00;7.864346295253669736e-42
1.900000000000000799e+00;3.700000000000002398e+00;8.157595919735720928e-42
1.900000000000000799e+00;3.800000000000002487e+00;8.438594855137341134e-42
1.900000000000000799e+00;3.900000000000002576e+00;8.704863747328928808e-42
1.900000000000000799e+00;4.000000000000002665e+00;8.957316157005076507e-42
1.900000000000000799e+00;4.100000000000003197e+00;9.199248561900582855e-42
1.900000000000000799e+00;4.200000000000002842e+00;9.430991102435365126e-42
1.900000000000000799e+00;4.300000000000002487e+00;9.655433992146022373e-42
1.900000000000000799e+00;4.400000000000003020e+00;9.875930482300571421e-42
1.900000000000000799e+00;4.500000000000003553e+00;1.009299616435517028e-41
1.900000000000000799e+00;4.600000000000003197e+00;1.031114905239720748e-41
1.900000000000000799e+00;4.700000000000002842e+00;1.052408214652523102e-41
1.900000000000000799e+00;4.800000000000003375e+00;1.073512927654988405e-41
1.900000000000000799e+00;4.900000000000003908e+00;1.094766085960653402e-41
1.900000000000000799e+00;5.000000000000003553e+00;1.116129894585248050e-41
1.900000000000000799e+00;5.100000000000003197e+00;1.137333618933925111e-41
1.900000000000000799e+00;5.200000000000003730e+00;1.158919836906283819e-41
1.900000000000000799e+00;5.300000000000004263e+00;1.180388585067982117e-41
1.900000000000000799e+00;5.400000000000003908e+00;1.201913181388020835e-41
1.900000000000000799e+00;5.500000000000003553e+00;1.223427931222657482e-41
1.900000000000000799e+00;5.600000000000004086e+00;1.244985258291086300e-41
1.900000000000000799e+00;5.700000000000004619e+00;1.266705472755728430e-41
1.900000000000000799e+00;5.800000000000004263e+00;1.288385838440438847e-41
1.900000000000000799e+00;5.900000000000003908e+00;1.310168340762724679e-41
1.900000000000000799e+00;6.000000000000004441e+00;1.331977619906219136e-41
2.000000000000000888e+00;3.000000000000001776e+00;6.247851974272204117e-42
2.000000000000000888e+00;3.100000000000001865e+00;6.631879184773292493e-42
2.000000000000000888e+00;3.200000000000001954e+00;7.011830475485611041e-42
2.000000000000000888e+00;3.300000000000002043e+00;7.387642285687517989e-42
2.000000000000000888e+00;3.400000000000002132e+00;7.753587979750802729e-42
2.000000000000000888e+00;3.500000000000002220e+00;8.104311309591634444e-42
2.000000000000000888e+00;3.600000000000002309e+00;8.441995422151723778e-42
2.000000000000000888e+00;3.700000000000002398e+00;8.762445953928746816e-42
2.000000000000000888e+00;3.800000000000002487e+00;9.068919611987373857e-42
2.000000000000000888e+00;3.900000000000002576e+00;9.359066347834924341e-42
2.000000000000000888e+00;4.000000000000002665e+00;9.633644187368297785e-42
2.000000000000000888e+00;4.100000000000003197e+00;9.896846389558635993e-42
2.000000000000000888e+00;4.200000000000002842e+00;1.014873659364950961e-41
2.000000000000000888e+00;4.300000000000002487e+00;1.039277533667319504e-41
2.000000000000000888e+00;4.400000000000003020e+00;1.063279473350650208e-41
2.000000000000000888e+00;4.500000000000003553e+00;1.086902952291497365e-41
2.000000000000000888e+00;4.600000000000003197e+00;1.110694722897581668e-41
2.000000000000000888e+00;4.700000000000002842e+00;1.133934698891161633e-41
2.000000000000000888e+00;4.800000000000003375e+00;1.156973347259837690e-41
2.000000000000000888e+00;4.900000000000003908e+00;1.180200458978445151e-41
2.000000000000000888e+00;5.000000000000003553e+00;1.203592521502186092e-41
2.000000000000000888e+00;5.100000000000003197e+00;1.226827625392817081e-41
2.000000000000000888e+00;5.200000000000003730e+00;1.250497767893728580e-41
2.000000000000000888e+00;5.300000000000004263e+00;1.274049509951520829e-41
2.000000000000000888e+00;5.400000000000003908e+00;1.297689127429361917e-41
2.000000000000000888e+00;5.500000000000003553e+00;1.321345710767803484e-41
2.000000000000000888e+00;5.600000000000004086e+00;1.345066021148408493e-41
2.000000000000000888e+00;5.700000000000004619e+00;1.368983164740062787e-41
2.000000000000000888e+00;5.800000000000004263e+00;1.392857946536955120e-41
2.000000000000000888e+00;5.900000000000003908e+00;1.416859146293309746e-41
2.000000000000000888e+00;6.000000000000004441e+00;1.440903622287252014e-41
2.100000000000000977e+00;3.100000000000001865e+00;7.062452156456333363e-42
2.100000000000000977e+00;3.200000000000001954e+00;7.483085887012326818e-42
2.100000000000000977e+00;3.300000000000002043e+00;7.897488892388489696e-42
2.100000000000000977e+00;3.400000000000002132e+00;8.299576573214694503e-42
2.100000000000000977e+00;3.500000000000002220e+00;8.683643159802893688e-42
2.100000000000000977e+00;3.600000000000002309e+00;9.052505582722017525e-42
2.100000000000000977e+00;3.700000000000002398e+00;9.401740998893901727e-42
2.100000000000000977e+00;3.800000000000002487e+00;9.735129994959246665e-42
2.100000000000000977e+00;3.900000000000002576e+00;1.005031812738580432e-41
2.100000000000000977e+00;4.000000000000002665e+00;1.034809579439512054e-41
2.100000000000000977e+00;4.100000000000003197e+00;1.063349713390830413e-41
2.100000000000000977e+00;4.200000000000002842e+00;1.090638266787246959e-41
2.100000000000000977e+00;4.300000000000002487e+00;1.117096505472222790e-41
2.100000000000000977e+00;4.400000000000003020e+00;1.143127029626788288e-41
2.100000000000000977e+00;4.500000000000003553e+00;1.168777419425287721e-41
2.100000000000000977e+00;4.600000000000003197e+00;1.194655327823935255e-41
2.100000000000000977e+00;4.700000000000002842e+00;1.219932865365995956e-41
2.100000000000000977e+00;4.800000000000003375e+00;1.245021655538152860e-41
2.100000000000000977e+00;4.900000000000003908e+00;1.270358836212353196e-41
2.100000000000000977e+00;5.000000000000003553e+00;1.295907275354370720e-41
2.100000000000000977e+00;5.100000000000003197e+00;1.321284336648892112e-41
2.100000000000000977e+00;5.200000000000003730e+00;1.347183353585627446e-41
2.100000000000000977e+00;5.300000000000004263e+00;1.372980764981922529e-41
2.100000000000000977e+00;5.400000000000003908e+00;1.398897258370304833e-41
2.100000000000000977e+00;5.500000000000003553e+00;1.424851275747991716e-41
2.100000000000000977e+00;5.600000000000004086e+00;1.450878490376664191e-41
2.100000000000000977e+00;5.700000000000004619e+00;1.477143259007360778e-41
2.100000000000000977e+00;5.800000000000004263e+00;1.503392151345006801e-41
2.100000000000000977e+00;5.900000000000003908e+00;1.529799279397265472e-41
2.100000000000000977e+00;6.000000000000004441e+00;1.556269461216714426e-41
2.200000000000001066e+00;3.200000000000001954e+00;7.969259978970777102e-42
2.200000000000001066e+00;3.300000000000002043e+00;8.426521979293862448e-42
2.200000000000001066e+00;3.400000000000002132e+00;8.868138041363819573e-42
2.200000000000001066e+00;3.500000000000002220e+00;9.288249789044647446e-42
2.200000000000001066e+00;3.600000000000002309e+00;9.690544212664056330e-42
2.200000000000001066e+00;3.700000000000002398e+00;1.007030526539855589e-41
2.200000000000001066e+00;3.800000000000002487e+00;1.043215796449689200e-41
2.200000000000001066e+00;3.900000000000002576e+00;1.077359419239548304e-41
2.200000000000001066e+00;4.000000000000002665e+00;1.109568276684660376e-41
2.200000000000001066e+00;4.100000000000003197e+00;1.140421719515023673e-41
2.200000000000001066e+00;4.200000000000002842e+00;1.169904141910151114e-41
2.200000000000001066e+00;4.300000000000002487e+00;1.198502226275492513e-41
2.200000000000001066e+00;4.400000000000003020e+00;1.226655294871566837e-41
2.200000000000001066e+00;4.500000000000003553e+00;1.254432472428539585e-41
2.200000000000001066e+00;4.600000000000003197e+00;1.282503934343343122e-41
2.200000000000001066e+00;4.700000000000002842e+00;1.309927924749737336e-41
2.200000000000001066e+00;4.800000000000003375e+00;1.337189220568110013e-41
2.200000000000001066e+00;4.900000000000003908e+00;1.364761400386266548e-41
2.200000000000001066e+00;5.000000000000003553e+00;1.392584669831928779e-41
2.200000000000001066e+00;5.100000000000003197e+00;1.420259054507681823e-41
2.200000000000001066e+00;5.200000000000003730e+00;1.448544755890523353e-41
2.200000000000001066e+00;5.300000000000004263e+00;1.476742823483828458e-41
2.200000000000001066e+00;5.400000000000003908e+00;1.505092767042451508e-41
2.200000000000001066e+00;5.500000000000003553e+00;1.533492211069135533e-41
2.200000000000001066e+00;5.600000000000004086e+00;1.562013929573250490e-41
2.200000000000001066e+00;5.700000000000004619e+00;1.590820115694877146e-41
2.200000000000001066e+00;5.800000000000004263e+00;1.619627829897410365e-41
2.200000000000001066e+00;5.900000000000003908e+00;1.648629520344308690e-41
2.200000000000001066e+00;6.000000000000004441e+00;1.677718375774748691e-41
2.300000000000001155e+00;3.300000000000002043e+00;8.983267162953033673e-42
2.300000000000001155e+00;3.400000000000002132e+00;9.467925779658742336e-42
2.300000000000001155e+00;3.500000000000002220e+00;9.926806060111478988e-42
2.300000000000001155e+00;3.600000000000002309e+00;1.036467599975960740e-41
2.300000000000001155e+00;3.700000000000002398e+00;1.077651373393897071e-41
2.300000000000001155e+00;3.800000000000002487e+00;1.116817467878836118e-41
2.300000000000001155e+00;3.900000000000002576e+00;1.153685518228983109e-41
2.300000000000001155e+00;4.000000000000002665e+00;1.188412191929188522e-41
2.300000000000001155e+00;4.100000000000003197e+00;1.221650451688504945e-41
2.300000000000001155e+00;4.200000000000002842e+00;1.253401932103797579e-41
2.300000000000001155e+00;4.300000000000002487e+00;1.284207363025666321e-41
2.300000000000001155e+00;4.400000000000003020e+00;1.314567583738559178e-41
2.300000000000001155e+00;4.500000000000003553e+00;1.344554490132105314e-41
2.300000000000001155e+00;4.600000000000003197e+00;1.374917701461058791e-41
2.300000000000001155e+00;4.700000000000002842e+00;1.404598445333249518e-41
2.300000000000001155e+00;4.800000000000003375e+00;1.434141163599098430e-41
2.300000000000001155e+00;4.900000000000003908e+00;1.464070049246247731e-41
2.300000000000001155e+00;5.000000000000003553e+00;1.494308558812793374e-41
2.300000000000001155e+00;5.100000000000003197e+00;1.524421359979639901e-41
2.300000000000001155e+00;5.200000000000003730e+00;1.555246757310287245e-41
2.300000000000001155e+00;5.300000000000004263e+00;1.586004074723422518e-41
2.300000000000001155e+00;5.400000000000003908e+00;1.616945955315953550e-41
2.300000000000001155e+00;5.500000000000003553e+00;1.647981027507717563e-41
2.300000000000001155e+00;5.600000000000004086e+00;1.679176835363785006e-41
2.300000000000001155e+00;5.700000000000004619e+00;1.710712074563528250e-41
2.300000000000001155e+00;5.800000000000004263e+00;1.742271075407924656e-41
2.300000000000001155e+00;5.900000000000003908e+00;1.774066314394064777e-41
2.300000000000001155e+00;6.000000000000004441e+00;1.805961976966578453e-41
2.400000000000001243e+00;3.400000000000002132e+00;1.007297089217066830e-41
2.400000000000001243e+00;3.500000000000002220e+00;1.057475398269124948e-41
2.400000000000001243e+00;3.600000000000002309e+00;1.105131972333216601e-41
2.400000000000001243e+00;3.700000000000002398e+00;1.149762779018322737e-41
2.400000000000001243e+00;3.800000000000002487e+00;1.192104163584326079e-41
2.400000000000001243e+00;3.900000000000002576e+00;1.231839237300653032e-41
2.400000000000001243e+00;4.000000000000002665e+00;1.269208804084041721e-41
2.400000000000001243e+00;4.100000000000003197e+00;1.304932267544629017e-41
2.400000000000001243e+00;4.200000000000002842e+00;1.339053215620819292e-41
2.400000000000001243e+00;4.300000000000002487e+00;1.372154668737235463e-41
2.400000000000001243e+00;4.400000000000003020e+00;1.404827528501658770e-41
2.400000000000001243e+00;4.500000000000003553e+00;1.437125682418929529e-41
2.400000000000001243e+00;4.600000000000003197e+00;1.469897537300798343e-41
2.400000000000001243e+00;4.700000000000002842e+00;1.501964014228120170e-41
2.400000000000001243e+00;4.800000000000003375e+00;1.533913890417898636e-41
2.400000000000001243e+00;4.900000000000003908e+00;1.566338266414988019e-41
2.400000000000001243e+00;5.000000000000003553e+00;1.599153113505578933e-41
2.400000000000001243e+00;5.100000000000003197e+00;1.631860397402822303e-41
2.400000000000001243e+00;5.200000000000003730e+00;1.665396120950420275e-41
2.400000000000001243e+00;5.300000000000004263e+00;1.698888661220008032e-41
2.400000000000001243e+00;5.400000000000003908e+00;1.732617236697428522e-41
2.400000000000001243e+00;5.500000000000003553e+00;1.766478410804748886e-41
2.400000000000001243e+00;5.600000000000004086e+00;1.800545647827746547e-41
2.400000000000001243e+00;5.700000000000004619e+00;1.835015687558259581e-41
2.400000000000001243e+00;5.800000000000004263e+00;1.869536617567922046e-41
2.400000000000001243e+00;5.900000000000003908e+00;1.904338537399535093e-41
2.400000000000001243e+00;6.000000000000004441e+00;1.939275759905870279e-41
2.500000000000001332e+00;3.500000000000002220e+00;1.124636082392172613e-41
2.500000000000001332e+00;3.600000000000002309e+00;1.176459618986572582e-41
2.500000000000001332e+00;3.700000000000002398e+00;1.224764573755299937e-41
2.500000000000001332e+00;3.800000000000002487e+00;1.270431175950447058e-41
2.500000000000001332e+00;3.900000000000002576e+00;1.313152405659221839e-41
2.500000000000001332e+00;4.000000000000002665e+00;1.353253246465732963e-41
2.500000000000001332e+00;4.100000000000003197e+00;1.391527714180601312e-41
2.500000000000001332e+00;4.200000000000002842e+00;1.428087817403315085e-41
2.500000000000001332e+00;4.300000000000002487e+00;1.463545765209983904e-41
2.500000000000001332e+00;4.400000000000003020e+00;1.498607420505246238e-41
2.500000000000001332e+00;4.500000000000003553e+00;1.533305333377686083e-41
2.500000000000001332e+00;4.600000000000003197e+00;1.568587620975318754e-41
2.500000000000001332e+00;4.700000000000002842e+00;1.603157192001010949e-41
2.500000000000001332e+00;4.800000000000003375e+00;1.637629990041159781e-41
2.500000000000001332e+00;4.900000000000003908e+00;1.672681995907981830e-41
2.500000000000001332e+00;5.000000000000003553e+00;1.708231868167811302e-41
2.500000000000001332e+00;5.100000000000003197e+00;1.743687812955872550e-41
2.500000000000001332e+00;5.200000000000003730e+00;1.780105436970498084e-41
2.500000000000001332e+00;5.300000000000004263e+00;1.816511665172484046e-41
2.500000000000001332e+00;5.400000000000003908e+00;1.853227571776770087e-41
2.500000000000001332e+00;5.500000000000003553e+00;1.890111092972933121e-41
2.500000000000001332e+00;5.600000000000004086e+00;1.927254331054432563e-41
2.500000000000001332e+00;5.700000000000004619e+00;1.964873712049111521e-41
2.500000000000001332e+00;5.800000000000004263e+00;2.002577120172166008e-41
2.500000000000001332e+00;5.900000000000003908e+00;2.040623041822413146e-41
2.500000000000001332e+00;6.000000000000004441e+00;2.078841038619017278e-41
2.600000000000001421e+00;3.600000000000002309e+00;1.248586451552832453e-41
2.600000000000001421e+00;3.700000000000002398e+00;1.300864386240680862e-41
2.600000000000001421e+00;3.800000000000002487e+00;1.350075881063003040e-41
2.600000000000001421e+00;3.900000000000002576e+00;1.395964802775307714e-41
2.600000000000001421e+00;4.000000000000002665e+00;1.438884635811131615e-41
2.600000000000001421e+00;4.100000000000003197e+00;1.479837892588991654e-41
2.600000000000001421e+00;4.200000000000002842e+00;1.518896948417317147e-41
2.600000000000001421e+00;4.300000000000002487e+00;1.556821783195112699e-41
2.600000000000001421e+00;4.400000000000003020e+00;1.594345894020393332e-41
2.600000000000001421e+00;4.500000000000003553e+00;1.631569755002648871e-41
2.600000000000001421e+00;4.600000000000003197e+00;1.669482004337653422e-41
2.600000000000001421e+00;4.700000000000002842e+00;1.706671209941104049e-41
2.600000000000001421e+00;4.800000000000003375e+00;1.743817572939023027e-41
2.600000000000001421e+00;4.900000000000003908e+00;1.781646441862743840e-41
2.600000000000001421e+00;5.000000000000003553e+00;1.820088360097900188e-41
2.600000000000001421e+00;5.100000000000003197e+00;1.858485367983662457e-41
2.600000000000001421e+00;5.200000000000003730e+00;1.897975120806963810e-41
2.600000000000001421e+00;5.300000000000004263e+00;1.937492025830630624e-41
2.600000000000001421e+00;5.400000000000003908e+00;1.977401311896794891e-41
2.600000000000001421e+00;5.500000000000003553e+00;2.017537399645962867e-41
2.600000000000001421e+00;5.600000000000004086e+00;2.057980618993247667e-41
2.600000000000001421e+00;5.700000000000004619e+00;2.098983851394195465e-41
2.600000000000001421e+00;5.800000000000004263e+00;2.140110430026289906e-41
2.600000000000001421e+00;5.900000000000003908e+00;2.181645279187952708e-41
2.600000000000001421e+00;6.000000000000004441e+00;2.223419050879178944e-41
2.700000000000001510e+00;3.700000000000002398e+00;1.375625127117863197e-41
2.700000000000001510e+00;3.800000000000002487e+00;1.428775596057861114e-41
2.700000000000001510e+00;3.900000000000002576e+00;1.478061117938912710e-41
2.700000000000001510e+00;4.000000000000002665e+00;1.524021708641193167e-41
2.700000000000001510e+00;4.100000000000003197e+00;1.567797195636139962e-41
2.700000000000001510e+00;4.200000000000002842e+00;1.609501125183572140e-41
2.700000000000001510e+00;4.300000000000002487e+00;1.650008354042370019e-41
2.700000000000001510e+00;4.400000000000003020e+00;1.690142388919427646e-41
2.700000000000001510e+00;4.500000000000003553e+00;1.730003335358676800e-41
2.700000000000001510e+00;4.600000000000003197e+00;1.770733455987884548e-41
2.700000000000001510e+00;4.700000000000002842e+00;1.810681813067371509e-41
2.700000000000001510e+00;4.800000000000003375e+00;1.850674066994293305e-41
2.700000000000001510e+00;4.900000000000003908e+00;1.891471359340329126e-41
2.700000000000001510e+00;5.000000000000003553e+00;1.932989661576618637e-41
2.700000000000001510e+00;5.100000000000003197e+00;1.974527399432984630e-41
2.700000000000001510e+00;5.200000000000003730e+00;2.017326802027916747e-41
2.700000000000001510e+00;5.300000000000004263e+00;2.060177216938233024e-41
2.700000000000001510e+00;5.400000000000003908e+00;2.103503048799402362e-41
2.700000000000001510e+00;5.500000000000003553e+00;2.147138114164228914e-41
2.700000000000001510e+00;5.600000000000004086e+00;2.191149336220737468e-41
2.700000000000001510e+00;5.700000000000004619e+00;2.235796181594425827e-41
2.700000000000001510e+00;5.800000000000004263e+00;2.280611658693779916e-41
2.700000000000001510e+00;5.900000000000003908e+00;2.325909894557315628e-41
2.700000000000001510e+00;6.000000000000004441e+00;2.371503163162926392e-41
2.800000000000001599e+00;3.800000000000002487e+00;1.503792835671131693e-41
2.800000000000001599e+00;3.900000000000002576e+00;1.556952486518740742e-41
2.800000000000001599e+00;4.000000000000002665e+00;1.606263888734941438e-41
2.800000000000001599e+00;4.100000000000003197e+00;1.653122878591006233e-41
2.800000000000001599e+00;4.200000000000002842e+00;1.697701272128089537e-41
2.800000000000001599e+00;4.300000000000002487e+00;1.740973944297440141e-41
2.800000000000001599e+00;4.400000000000003020e+00;1.783923099450458222e-41
2.800000000000001599e+00;4.500000000000003553e+00;1.826618035698649823e-41
2.800000000000001599e+00;4.600000000000003197e+00;1.870357046252843520e-41
2.800000000000001599e+00;4.700000000000002842e+00;1.913299248458019899e-41
2.800000000000001599e+00;4.800000000000003375e+00;1.956311857878706667e-41
2.800000000000001599e+00;4.900000000000003908e+00;2.000317241163501869e-41
2.800000000000001599e+00;5.000000000000003553e+00;2.045162168773254323e-41
2.800000000000001599e+00;5.100000000000003197e+00;2.090055004611710588e-41
2.800000000000001599e+00;5.200000000000003730e+00;2.136420383448558674e-41
2.800000000000001599e+00;5.300000000000004263e+00;2.182892453326072065e-41
2.800000000000001599e+00;5.400000000000003908e+00;2.229900139730748224e-41
2.800000000000001599e+00;5.500000000000003553e+00;2.277288290809802468e-41
2.800000000000001599e+00;5.600000000000004086e+00;2.325146635068777282e-41
2.800000000000001599e+00;5.700000000000004619e+00;2.373763500132410219e-41
2.800000000000001599e+00;5.800000000000004263e+00;2.422564037895070039e-41
2.800000000000001599e+00;5.900000000000003908e+00;2.471930182499948688e-41
2.800000000000001599e+00;6.000000000000004441e+00;2.521652793838495366e-41
2.900000000000001688e+00;3.900000000000002576e+00;1.633644271002659667e-41
2.900000000000001688e+00;4.000000000000002665e+00;1.686688074132309370e-41
2.900000000000001688e+00;4.100000000000003197e+00;1.736914784680390538e-41
2.900000000000001688e+00;4.200000000000002842e+00;1.784574102297177237e-41
2.900000000000001688e+00;4.300000000000002487e+00;1.830836279886192991e-41
2.900000000000001688e+00;4.400000000000003020e+00;1.876772883946325020e-41
2.900000000000001688e+00;4.500000000000003553e+00;1.922514832081697414e-41
2.900000000000001688e+00;4.600000000000003197e+00;1.969480268197300305e-41
2.900000000000001688e+00;4.700000000000002842e+00;2.015601225470490702e-41
2.900000000000001688e+00;4.800000000000003375e+00;2.061891950223773336e-41
2.900000000000001688e+00;4.900000000000003908e+00;2.109296022866917801e-41
2.900000000000001688e+00;5.000000000000003553e+00;2.157720026500671519e-41
2.900000000000001688e+00;5.100000000000003197e+00;2.206249964234865532e-41
2.900000000000001688e+00;5.200000000000003730e+00;2.256425137171543103e-41
2.900000000000001688e+00;5.300000000000004263e+00;2.306772350993446421e-41
2.900000000000001688e+00;5.400000000000003908e+00;2.357787449401812467e-41
2.900000000000001688e+00;5.500000000000003553e+00;2.409227203225626195e-41
2.900000000000001688e+00;5.600000000000004086e+00;2.461214016505798354e-41
2.900000000000001688e+00;5.700000000000004619e+00;2.514076181059988747e-41
2.900000000000001688e+00;5.800000000000004263e+00;2.567213159080739872e-41
2.900000000000001688e+00;5.900000000000003908e+00;2.621003465168924298e-41
2.900000000000001688e+00;6.000000000000004441e+00;2.675187848198976421e-41
3.000000000000001776e+00;4.000000000000002665e+00;1.760200921714584918e-41
3.000000000000001776e+00;4.100000000000003197e+00;1.814389865524529489e-41
3.000000000000001776e+00;4.200000000000002842e+00;1.865596500770082631e-41
3.000000000000001776e+00;4.300000000000002487e+00;1.915225130947416273e-41
3.000000000000001776e+00;4.400000000000003020e+00;1.964531261060621690e-41
3.000000000000001776e+00;4.500000000000003553e+00;2.013643932450759590e-41
3.000000000000001776e+00;4.600000000000003197e+00;2.064182971265107806e-41
3.000000000000001776e+00;4.700000000000002842e+00;2.113820719282994732e-41
3.000000000000001776e+00;4.800000000000003375e+00;2.163653880041789934e-41
3.000000000000001776e+00;4.900000000000003908e+00;2.214831301356653277e-41
3.000000000000001776e+00;5.000000000000003553e+00;2.267140519310680691e-41
3.000000000000001776e+00;5.100000000000003197e+00;2.319604846696818022e-41
3.000000000000001776e+00;5.200000000000003730e+00;2.373979158565886893e-41
3.000000000000001776e+00;5.300000000000004263e+00;2.428538732524815003e-41
3.000000000000001776e+00;5.400000000000003908e+00;2.483858601228684476e-41
3.000000000000001776e+00;5.500000000000003553e+00;2.539720043337776222e-41
3.000000000000001776e+00;5.600000000000004086e+00;2.596230987914126744e-41
3.000000000000001776e+00;5.700000000000004619e+00;2.653702119880627431e-41
3.000000000000001776e+00;5.800000000000004263e+00;2.711504815736336134e-41
3.000000000000001776e+00;5.900000000000003908e+00;2.770065748628762420e-41
3.000000000000001776e+00;6.000000000000004441e+00;2.829125852195113714e-41
3.100000000000001865e+00;4.100000000000003197e+00;1.885658074918374841e-41
3.100000000000001865e+00;4.200000000000002842e+00;1.941038107016930848e-41
3.100000000000001865e+00;4.300000000000002487e+00;1.994517610906440663e-41
3.100000000000001865e+00;4.400000000000003020e+00;2.047639327268390124e-41
3.100000000000001865e+00;4.500000000000003553e+00;2.100522248500859331e-41
3.100000000000001865e+00;4.600000000000003197e+00;2.155052650364695259e-41
3.100000000000001865e+00;4.700000000000002842e+00;2.208540521333046431e-41
3.100000000000001865e+00;4.800000000000003375e+00;2.262322168937172457e-41
3.100000000000001865e+00;4.900000000000003908e+00;2.317577339655412519e-41
3.100000000000001865e+00;5.000000000000003553e+00;2.374162710713638250e-41
3.100000000000001865e+00;5.100000000000003197e+00;2.430951684092881656e-41
3.100000000000001865e+00;5.200000000000003730e+00;2.489843429758226125e-41
3.100000000000001865e+00;5.300000000000004263e+00;2.549007043928479647e-41
3.100000000000001865e+00;5.400000000000003908e+00;2.609057622598393079e-41
3.100000000000001865e+00;5.500000000000003553e+00;2.669689004344351513e-41
3.100000000000001865e+00;5.600000000000004086e+00;2.731061732543200427e-41
3.100000000000001865e+00;5.700000000000004619e+00;2.793571592964218032e-41
3.100000000000001865e+00;5.800000000000004263e+00;2.856478962600276437e-41
3.100000000000001865e+00;5.900000000000003908e+00;2.920223927232600123e-41
3.100000000000001865e+00;6.000000000000004441e+00;2.984534583457120579e-41
3.200000000000001954e+00;4.200000000000002842e+00;2.009571003262195423e-41
3.200000000000001954e+00;4.300000000000002487e+00;2.067646397454122274e-41
3.200000000000001954e+00;4.400000000000003020e+00;2.125159235819412349e-41
3.200000000000001954e+00;4.500000000000003553e+00;2.182383472589409592e-41
3.200000000000001954e+00;4.600000000000003197e+00;2.241379301773367759e-41
3.200000000000001954e+00;4.700000000000002842e+00;2.299222379041360899e-41
3.200000000000001954e+00;4.800000000000003375e+00;2.357333684052451384e-41
3.200000000000001954e+00;4.900000000000003908e+00;2.417141299167959201e-41
3.200000000000001954e+00;5.000000000000003553e+00;2.478435284856536414e-41
3.200000000000001954e+00;5.100000000000003197e+00;2.539917699369811135e-41
3.200000000000001954e+00;5.200000000000003730e+00;2.603814796312048829e-41
3.200000000000001954e+00;5.300000000000004263e+00;2.668005518276055532e-41
3.200000000000001954e+00;5.400000000000003908e+00;2.733154710763045622e-41
3.200000000000001954e+00;5.500000000000003553e+00;2.799017906836912915e-41
3.200000000000001954e+00;5.600000000000004086e+00;2.865730186127605348e-41
3.200000000000001954e+00;5.700000000000004619e+00;2.933688211679845779e-41
3.200000000000001954e+00;5.800000000000004263e+00;3.002092886739255697e-41
3.200000000000001954e+00;5.900000000000003908e+00;3.071480899164837356e-41
3.200000000000001954e+00;6.000000000000004441e+00;3.141534496649781930e-41
3.300000000000002043e+00;4.300000000000002487e+00;2.132291159460191101e-41
3.300000000000002043e+00;4.400000000000003020e+00;2.195112841981997810e-41
3.300000000000002043e+00;4.500000000000003553e+00;2.257408832079506870e-41
3.300000000000002043e+00;4.600000000000003197e+00;2.321612665671745950e-41
3.300000000000002043e+00;4.700000000000002842e+00;2.384393191645970896e-41
3.300000000000002043e+00;4.800000000000003375e+00;2.447417525874658701e-41
3.300000000000002043e+00;4.900000000000003908e+00;2.512329866797522721e-41
3.300000000000002043e+00;5.000000000000003553e+00;2.578818785438988649e-41
3.300000000000002043e+00;5.100000000000003197e+00;2.645552373124743148e-41
3.300000000000002043e+00;5.200000000000003730e+00;2.714944747086577002e-41
3.300000000000002043e+00;5.300000000000004263e+00;2.784629212355596376e-41
3.300000000000002043e+00;5.400000000000003908e+00;2.855425631205070573e-41
3.300000000000002043e+00;5.500000000000003553e+00;2.927009008465510798e-41
3.300000000000002043e+00;5.600000000000004086e+00;2.999491598678678528e-41
3.300000000000002043e+00;5.700000000000004619e+00;3.073407875816962953e-41
3.300000000000002043e+00;5.800000000000004263e+00;3.147850302107796384e-41
3.300000000000002043e+00;5.900000000000003908e+00;3.223395787458300491e-41
3.300000000000002043e+00;6.000000000000004441e+00;3.299649412095637645e-41
3.400000000000002132e+00;4.400000000000003020e+00;2.257447807495644287e-41
3.400000000000002132e+00;4.500000000000003553e+00;2.325806624230946245e-41
3.400000000000002132e+00;4.600000000000003197e+00;2.396119434967749158e-41
3.400000000000002132e+00;4.700000000000002842e+00;2.464568662737773949e-41
3.400000000000002132e+00;4.800000000000003375e+00;2.533199495515742455e-41
3.400000000000002132e+00;4.900000000000003908e+00;2.603808160938341311e-41
3.400000000000002132e+00;5.000000000000003553e+00;2.676159022666249774e-41
3.400000000000002132e+00;5.100000000000003197e+00;2.748706998030297031e-41
3.400000000000002132e+00;5.200000000000003730e+00;2.824147783028446261e-41
3.400000000000002132e+00;5.300000000000004263e+00;2.899924526244415086e-41
3.400000000000002132e+00;5.400000000000003908e+00;2.976900567716191749e-41
3.400000000000002132e+00;5.500000000000003553e+00;3.054694057757539877e-41
3.400000000000002132e+00;5.600000000000004086e+00;3.133536828969590690e-41
3.400000000000002132e+00;5.700000000000004619e+00;3.213969949827496630e-41
3.400000000000002132e+00;5.800000000000004263e+00;3.294954659137948864e-41
3.400000000000002132e+00;5.900000000000003908e+00;3.377150661084465473e-41
3.400000000000002132e+00;6.000000000000004441e+00;3.460195615761486478e-41
3.500000000000002220e+00;4.500000000000003553e+00;2.388505241349494962e-41
3.500000000000002220e+00;4.600000000000003197e+00;2.466016771954039702e-41
3.500000000000002220e+00;4.700000000000002842e+00;2.541050536226567600e-41
3.500000000000002220e+00;4.800000000000003375e+00;2.616063763571898085e-41
3.500000000000002220e+00;4.900000000000003908e+00;2.693113232092723971e-41
3.500000000000002220e+00;5.000000000000003553e+00;2.772016235075030888e-41
3.500000000000002220e+00;5.100000000000003197e+00;2.850977982283500596e-41
3.500000000000002220e+00;5.200000000000003730e+00;2.933148726077422005e-41
3.500000000000002220e+00;5.300000000000004263e+00;3.015621885788407956e-41
3.500000000000002220e+00;5.400000000000003908e+00;3.099325879808028554e-41
3.500000000000002220e+00;5.500000000000003553e+00;3.183962843106314512e-41
3.500000000000002220e+00;5.600000000000004086e+00;3.269742665542874622e-41
3.500000000000002220e+00;5.700000000000004619e+00;3.357226606567630826e-41
3.500000000000002220e+00;5.800000000000004263e+00;3.445336456981080340e-41
3.500000000000002220e+00;5.900000000000003908e+00;3.534814612782036611e-41
3.500000000000002220e+00;6.000000000000004441e+00;3.625237944591205167e-41
3.600000000000002309e+00;4.600000000000003197e+00;2.529503854105561142e-41
3.600000000000002309e+00;4.700000000000002842e+00;2.612363584460309349e-41
3.600000000000002309e+00;4.800000000000003375e+00;2.694769716578102583e-41
3.600000000000002309e+00;4.900000000000003908e+00;2.779224654801349796e-41
3.600000000000002309e+00;5.000000000000003553e+00;2.865524610675470206e-41
3.600000000000002309e+00;5.100000000000003197e+00;2.951695144829844863e-41
3.600000000000002309e+00;5.200000000000003730e+00;3.041354901557575753e-41
3.600000000000002309e+00;5.300000000000004263e+00;3.131186903960842536e-41
3.600000000000002309e+00;5.400000000000003908e+00;3.222356533059728068e-41
3.600000000000002309e+00;5.500000000000003553e+00;3.314500308036055638e-41
3.600000000000002309e+00;5.600000000000004086e+00;3.407828405342945857e-41
3.600000000000002309e+00;5.700000000000004619e+00;3.503038605041037200e-41
3.600000000000002309e+00;5.800000000000004263e+00;3.598939799459198284e-41
3.600000000000002309e+00;5.900000000000003908e+00;3.696346243414936465e-41
3.600000000000002309e+00;6.000000000000004441e+00;3.794749159268111097e-41
3.700000000000002398e+00;4.700000000000002842e+00;2.680308748841148066e-41
3.700000000000002398e+00;4.800000000000003375e+00;2.771344481389729650e-41
3.700000000000002398e+00;4.900000000000003908e+00;2.864283990848016880e-41
3.700000000000002398e+00;5.000000000000003553e+00;2.958934744767274105e-41
3.700000000000002398e+00;5.100000000000003197e+00;3.053190363714551015e-41
3.700000000000002398e+00;5.200000000000003730e+00;3.151167802815007399e-41
3.700000000000002398e+00;5.300000000000004263e+00;3.249129797400065877e-41
3.700000000000002398e+00;5.400000000000003908e+00;3.348496822342449527e-41
3.700000000000002398e+00;5.500000000000003553e+00;3.448841511301794718e-41
3.700000000000002398e+00;5.600000000000004086e+00;3.550407776009716435e-41
3.700000000000002398e+00;5.700000000000004619e+00;3.654051965331283132e-41
3.700000000000002398e+00;5.800000000000004263e+00;3.758423537862477215e-41
3.700000000000002398e+00;5.900000000000003908e+00;3.864397055405136523e-41
3.700000000000002398e+00;6.000000000000004441e+00;3.971486067491584527e-41
3.800000000000002487e+00;4.800000000000003375e+00;2.843893738626235376e-41
3.800000000000002487e+00;4.900000000000003908e+00;2.946756055404036576e-41
3.800000000000002487e+00;5.000000000000003553e+00;3.051011549033802958e-41
3.800000000000002487e+00;5.100000000000003197e+00;3.154420059480482650e-41
3.800000000000002487e+00;5.200000000000003730e+00;3.261700130182443331e-41
3.800000000000002487e+00;5.300000000000004263e+00;3.368733478861422144e-41
3.800000000000002487e+00;5.400000000000003908e+00;3.477153459019258996e-41
3.800000000000002487e+00;5.500000000000003553e+00;3.586485372296739029e-41
3.800000000000002487e+00;5.600000000000004086e+00;3.697107199799325439e-41
3.800000000000002487e+00;5.700000000000004619e+00;3.809961819705194670e-41
3.800000000000002487e+00;5.800000000000004263e+00;3.923542256463378745e-41
3.800000000000002487e+00;5.900000000000003908e+00;4.038850154104348850e-41
3.800000000000002487e+00;6.000000000000004441e+00;4.155395799955497452e-41
3.900000000000002576e+00;4.900000000000003908e+00;3.028738206708601449e-41
3.900000000000002576e+00;5.000000000000003553e+00;3.144065791955122524e-41
3.900000000000002576e+00;5.100000000000003197e+00;3.257836280313094492e-41
3.900000000000002576e+00;5.200000000000003730e+00;3.375547053024887398e-41
3.900000000000002576e+00;5.300000000000004263e+00;3.492640429714537091e-41
3.900000000000002576e+00;5.400000000000003908e+00;3.611030587158715078e-41
3.900000000000002576e+00;5.500000000000003553e+00;3.730219672408098291e-41
3.900000000000002576e+00;5.600000000000004086e+00;3.850723724390633348e-41
3.900000000000002576e+00;5.700000000000004619e+00;3.973605504137678468e-41
3.900000000000002576e+00;5.800000000000004263e+00;4.097171764505674002e-41
3.900000000000002576e+00;5.900000000000003908e+00;4.222634086256387085e-41
3.900000000000002576e+00;6.000000000000004441e+00;4.349427485147027724e-41
4.000000000000002665e+00;5.000000000000003553e+00;3.238855191795640030e-41
4.000000000000002665e+00;5.100000000000003197e+00;3.364435440745726122e-41
4.000000000000002665e+00;5.200000000000003730e+00;3.493889149252236466e-41
4.000000000000002665e+00;5.300000000000004263e+00;3.622160516499874795e-41
4.000000000000002665e+00;5.400000000000003908e+00;3.751538516097178314e-41
4.000000000000002665e+00;5.500000000000003553e+00;3.881534995185715639e-41
4.000000000000002665e+00;5.600000000000004086e+00;4.012814523678006728e-41
4.000000000000002665e+00;5.700000000000004619e+00;4.146600551895378661e-41
4.000000000000002665e+00;5.800000000000004263e+00;4.281010413281801051e-41
4.000000000000002665e+00;5.900000000000003908e+00;4.417472101652522876e-41
4.000000000000002665e+00;6.000000000000004441e+00;4.555353961657957078e-41
4.100000000000003197e+00;5.100000000000003197e+00;3.674219963532783529e-41
4.100000000000003197e+00;5.200000000000003730e+00;3.615057959405594663e-41
4.100000000000003197e+00;5.300000000000004263e+00;3.755900735273900899e-41
4.100000000000003197e+00;5.400000000000003908e+00;3.897498759235550450e-41
4.100000000000003197e+00;5.500000000000003553e+00;4.039424579468473473e-41
4.100000000000003197e+00;5.600000000000004086e+00;4.182514409964724737e-41
4.100000000000003197e+00;5.700000000000004619e+00;4.328205224345473875e-41
4.100000000000003197e+00;5.800000000000004263e+00;4.474424072759172364e-41
4.100000000000003197e+00;5.900000000000003908e+00;4.622827177947991256e-41
4.100000000000003197e+00;6.000000000000004441e+00;4.772727462254638334e-41
4.200000000000002842e+00;5.200000000000003730e+00;3.740314329300208801e-41
4.200000000000002842e+00;5.300000000000004263e+00;3.895362733684157592e-41
4.200000000000002842e+00;5.400000000000003908e+00;4.050581296595214564e-41
4.200000000000002842e+00;5.500000000000003553e+00;4.205679816108924116e-41
4.200000000000002842e+00;5.600000000000004086e+00;4.361706467226986757e-41
4.200000000000002842e+00;5.700000000000004619e+00;4.520379387730606957e-41
4.200000000000002842e+00;5.800000000000004263e+00;4.679436546686981855e-41
4.200000000000002842e+00;5.900000000000003908e+00;4.840780541865214947e-41
4.200000000000002842e+00;6.000000000000004441e+00;5.003682586423504859e-41
4.300000000000002487e+00;5.300000000000004263e+00;4.038344291740707233e-41
4.300000000000002487e+00;5.400000000000003908e+00;4.208966181347866547e-41
4.300000000000002487e+00;5.500000000000003553e+00;4.378765635520067218e-41
4.300000000000002487e+00;5.600000000000004086e+00;4.549076441394466526e-41
4.300000000000002487e+00;5.700000000000004619e+00;4.721991033357904960e-41
4.300000000000002487e+00;5.800000000000004263e+00;4.895066490275140068e-41
4.300000000000002487e+00;5.900000000000003908e+00;5.070481392387331250e-41
4.300000000000002487e+00;6.000000000000004441e+00;5.247484156261506190e-41
4.400000000000003020e+00;5.400000000000003908e+00;4.368841623194625534e-41
4.400000000000003020e+00;5.500000000000003553e+00;4.555357843705553189e-41
4.400000000000003020e+00;5.600000000000004086e+00;4.741671419826262299e-41
4.400000000000003020e+00;5.700000000000004619e+00;4.930385933762370445e-41
4.400000000000003020e+00;5.800000000000004263e+00;5.118901237981515072e-41
4.400000000000003020e+00;5.900000000000003908e+00;5.309721112795504912e-41
4.400000000000003020e+00;6.000000000000004441e+00;5.502099410202534944e-41
4.500000000000003553e+00;5.500000000000003553e+00;5.010058768540499917e-41
4.500000000000003553e+00;5.600000000000004086e+00;4.939027866372257631e-41
4.500000000000003553e+00;5.700000000000004619e+00;5.145407971946881329e-41
4.500000000000003553e+00;5.800000000000004263e+00;5.351018485814394417e-41
4.500000000000003553e+00;5.900000000000003908e+00;5.558766414761970838e-41
4.500000000000003553e+00;6.000000000000004441e+00;5.767952016340149872e-41
4.600000000000003197e+00;5.600000000000004086e+00;5.132021757398859731e-41
4.600000000000003197e+00;5.700000000000004619e+00;5.358755451808655376e-41
4.600000000000003197e+00;5.800000000000004263e+00;5.583732552745932711e-41
4.600000000000003197e+00;5.900000000000003908e+00;5.810474127797967484e-41
4.600000000000003197e+00;6.000000000000004441e+00;6.038327405259016619e-41
4.700000000000002842e+00;5.700000000000004619e+00;5.580565500924724883e-41
4.700000000000002842e+00;5.800000000000004263e+00;5.827205086532530938e-41
4.700000000000002842e+00;5.900000000000003908e+00;6.075032563075598610e-41
4.700000000000002842e+00;6.000000000000004441e+00;6.323383321290471152e-41
4.800000000000003375e+00;5.800000000000004263e+00;6.075786688155004925e-41
4.800000000000003375e+00;5.900000000000003908e+00;6.347362345628336814e-41
4.800000000000003375e+00;6.000000000000004441e+00;6.618581867005634330e-41
4.900000000000003908e+00;5.900000000000003908e+00;7.001763532678154870e-41
4.900000000000003908e+00;6.000000000000004441e+00;6.915705599412058737e-41
5.000000000000003553e+00;6.000000000000004441e+00;7.211608984521125836e-41
