5.304376991697251734e-43
5.666830771241249533e-43
1.095546111091868004e-42
6.947866150155863900e-43
1.223565185147732177e-42
1.259783883422153712e-42
1.788833713312640840e-42
6.509537067168870290e-43
1.179760450127797288e-42
1.215979388933118377e-42
1.745036532489988063e-42
1.343996098534023929e-42
1.873032660567719841e-42
1.909245266491043351e-42
2.438369400590063474e-42
7.483247395670849706e-43
1.277069289778440061e-42
1.313287717495667752e-42
1.842328603368137536e-42
1.441302816513051134e-42
1.970324081221225193e-42
2.006536511971687986e-42
2.535654015979076906e-42
1.397499352306565553e-42
1.926527316152474140e-42
1.962739825189333540e-42
2.491860244560892970e-42
2.090734534382899112e-42
2.619846699034104420e-42
2.656056695429389590e-42
3.185213125674690910e-42
5.357439504841752609e-43
1.064628517945784518e-42
1.100848175818234239e-42
1.629924866980211435e-42
1.228867147774554384e-42
1.757921872480214219e-42
1.794134713447768681e-42
2.323266633422661818e-42
1.185062445048801515e-42
1.714124610800287911e-42
1.750337544734575843e-42
2.279472612868387386e-42
1.878333638038119915e-42
2.407459787544837938e-42
2.443669980894588739e-42
2.972833947225604796e-42
1.282371216672589698e-42
1.811416855392975074e-42
1.847629589808917949e-42
2.376757641707729872e-42
1.975625035667128279e-42
2.504744482403648902e-42
2.540954584498698067e-42
3.070114956590635153e-42
1.931828280930876320e-42
2.460950675354897321e-42
2.497160818392793175e-42
3.026322774839268588e-42
2.625147257421519241e-42
3.154304711164667310e-42
3.190513480822669160e-42
3.719694115641037932e-42
9.808765743259201608e-43
1.509498463686849896e-42
1.545715824370214931e-42
2.074722812528391273e-42
1.673727510971398931e-42
2.202716852421847798e-42
2.238928893693139938e-42
2.768032238223485027e-42
1.629925146534060324e-42
2.158920556839361621e-42
2.195132664194734519e-42
2.724238711499700314e-42
2.323126054736974220e-42
2.852224456925033997e-42
2.888434258514999524e-42
3.417583151404397994e-42
1.727228943513499036e-42
2.256210727770964941e-42
2.292422693098452425e-42
2.821522675044813410e-42
2.420415618936028578e-42
2.949508163853564487e-42
2.985717894514161212e-42
3.514863568154550210e-42
2.376619686580503205e-42
2.905714801190396189e-42
2.941924563826303249e-42
3.471071653565646624e-42
3.069909738547843523e-42
3.599052811870729304e-42
3.635261365851264534e-42
4.164433109970408632e-42
1.514800247826153782e-42
2.043811444764074296e-42
2.080023741706463330e-42
2.609136801691428535e-42
2.208017755042718932e-42
2.737122884976381099e-42
2.773332779535355987e-42
3.302485368745404353e-42
2.164221468037022852e-42
2.693329327062521372e-42
2.729539257404870096e-42
3.258693335271154717e-42
2.857524989414119485e-42
3.386674840486408969e-42
3.422883490883980837e-42
3.952059440358976855e-42
2.261511620727099934e-42
2.790613358027595437e-42
2.826823211121730822e-42
3.355973949339707719e-42
2.954808687233344693e-42
3.483955295757150813e-42
3.520163902007619179e-42
4.049337846719371508e-42
2.911015328704007753e-42
3.440163363796210801e-42
3.476371989974931611e-42
4.005546818230595413e-42
3.604353140771347714e-42
4.133525456315195634e-42
4.169733323492483483e-42
4.698922440367230575e-42
9.890592736733416675e-43
1.517676608730286518e-42
1.553893939417431332e-42
2.082899668873289460e-42
1.681905530935910741e-42
2.210893666856369335e-42
2.247105696684576589e-42
2.776208507728192743e-42
1.638103196814667049e-42
2.167097384841887245e-42
2.203309480394542085e-42
2.732414988259649050e-42
2.331302832539859104e-42
2.860400712520269208e-42
2.896610508255326283e-42
3.425759115688315166e-42
1.735406929861098312e-42
2.264387526852745983e-42
2.300599481149646276e-42
2.829698936251817154e-42
2.428592371073379146e-42
2.957684405010502564e-42
2.993894130110483343e-42
3.523039523533146048e-42
2.384796450338822346e-42
2.913891048890211174e-42
2.950100805835494519e-42
3.479247612984758144e-42
3.078085961775911119e-42
3.607228759437721305e-42
3.643437310106589961e-42
4.172608883453656564e-42
1.522978389115408140e-42
2.051988312364288866e-42
2.088200596456027170e-42
2.617313099296190931e-42
2.216194568042718873e-42
2.745299159946325073e-42
2.781509048262812958e-42
3.310661344817797021e-42
2.172398294552826356e-42
2.701505609422623727e-42
2.737715533365485284e-42
3.266869315813834659e-42
2.865701244272288420e-42
3.394850807954109493e-42
3.431059454712865078e-42
3.960235227126937941e-42
2.269688418434482351e-42
2.798789624543463910e-42
2.834999471577200467e-42
3.364149920263759424e-42
2.962984927695855279e-42
3.492131254186470505e-42
3.528339856953090923e-42
4.057513627467763438e-42
2.919191575690610783e-42
3.448339326325051113e-42
3.484547948951229852e-42
4.013722601712062052e-42
3.612529087923065260e-42
4.141701231768631165e-42
4.177909096694775637e-42
4.707098098560251503e-42
1.967825115967771690e-42
2.496777423399849389e-42
2.532989056628733110e-42
3.062075626117326623e-42
2.660980886619512130e-42
3.190060501178288608e-42
3.226270062025621675e-42
3.755408532929650814e-42
2.617185312865979347e-42
3.146267340607528156e-42
3.182476929841285325e-42
3.711616743592526337e-42
3.310461525875372515e-42
3.839597536085062271e-42
3.875805988179122666e-42
4.404973309249608578e-42
2.714473934117341042e-42
3.243550514583950328e-42
3.279760042553541930e-42
3.808896829559020818e-42
3.407744435176599345e-42
3.936877491416005098e-42
3.973085906927642954e-42
4.502251379486592629e-42
3.363951433046791728e-42
3.893085785595468068e-42
3.929294217673388961e-42
4.458460503171734413e-42
4.057274716733540708e-42
4.586438695531052179e-42
4.622646437928569202e-42
5.151829920295705144e-42
2.502078272934856370e-42
3.031166468912727003e-42
3.067376138400001359e-42
3.596519390763260767e-42
3.195361002320614351e-42
3.724500353387301498e-42
3.760708852913471256e-42
4.289878269740981758e-42
3.151567845372181042e-42
3.680708548330184552e-42
3.716917065864757037e-42
4.246087326134120671e-42
3.844897851612345735e-42
4.374065715939601372e-42
4.410273513727488450e-42
4.939459626537896471e-42
3.248851011621532658e-42
3.777988668369386633e-42
3.814197146928237787e-42
4.343365508063655449e-42
3.942177802311987489e-42
4.471343808182088889e-42
4.507551580785985861e-42
5.036736439196430342e-42
3.898386098606229629e-42
4.427552921909350328e-42
4.463760705922308841e-42
4.992946116911488895e-42
4.591738893991502736e-42
5.120922733516404555e-42
5.157130045762960542e-42
5.686326277586374504e-42
