100 2
0.00000E+00 3.54740E-03 1.00001E+00 3.47778E+02
7.92694E+00 3.54658E-03 1.00001E+00 3.47778E+02
1.58539E+01 3.53970E-03 9.99925E-01 3.47777E+02
2.37808E+01 3.53109E-03 9.99750E-01 3.47774E+02
3.17077E+01 3.51673E-03 9.99350E-01 3.47762E+02
3.96347E+01 3.50062E-03 9.98771E-01 3.47742E+02
4.75616E+01 3.47903E-03 9.97830E-01 3.47700E+02
5.54886E+01 3.45499E-03 9.96587E-01 3.47636E+02
6.34155E+01 3.42610E-03 9.94869E-01 3.47534E+02
7.13424E+01 3.39463E-03 9.92742E-01 3.47390E+02
7.92694E+01 3.35965E-03 9.90109E-01 3.47191E+02
8.71963E+01 3.32062E-03 9.86856E-01 3.46920E+02
9.51232E+01 3.27904E-03 9.83066E-01 3.46574E+02
1.03050E+02 3.23270E-03 9.78471E-01 3.46119E+02
1.10977E+02 3.18555E-03 9.73422E-01 3.45578E+02
1.18904E+02 3.13326E-03 9.67413E-01 3.44887E+02
1.26831E+02 3.07903E-03 9.60744E-01 3.44066E+02
1.34758E+02 3.02271E-03 9.53379E-01 3.43103E+02
1.42685E+02 2.96177E-03 9.44923E-01 3.41929E+02
1.50612E+02 2.90059E-03 9.35947E-01 3.40612E+02
1.58539E+02 2.83650E-03 9.26044E-01 3.39082E+02
1.66466E+02 2.76861E-03 9.15011E-01 3.37288E+02
1.74393E+02 2.70030E-03 9.03362E-01 3.35301E+02
1.82320E+02 2.63065E-03 8.90940E-01 3.33085E+02
1.90246E+02 2.55852E-03 8.77506E-01 3.30583E+02
1.98173E+02 2.48483E-03 8.63196E-01 3.27804E+02
2.06100E+02 2.40999E-03 8.48069E-01 3.24746E+02
2.14027E+02 2.33449E-03 8.32209E-01 3.21414E+02
2.21954E+02 2.25786E-03 8.15505E-01 3.17772E+02
2.29881E+02 2.18030E-03 7.97981E-01 3.13813E+02
2.37808E+02 2.10280E-03 7.79859E-01 3.09575E+02
2.45735E+02 2.02478E-03 7.60996E-01 3.05014E+02
2.53662E+02 1.94687E-03 7.41542E-01 3.00156E+02
2.61589E+02 1.86904E-03 7.21491E-01 2.94990E+02
2.69516E+02 1.79145E-03 7.00888E-01 2.89518E+02
2.77443E+02 1.71454E-03 6.79853E-01 2.83765E+02
2.85370E+02 1.63821E-03 6.58374E-01 2.77721E+02
2.93297E+02 1.56272E-03 6.36534E-01 2.71401E+02
3.01224E+02 1.48842E-03 6.14449E-01 2.64836E+02
3.09151E+02 1.41519E-03 5.92102E-01 2.58016E+02
3.17077E+02 1.34336E-03 5.69613E-01 2.50975E+02
3.25004E+02 1.27300E-03 5.47024E-01 2.43723E+02
3.32931E+02 1.20435E-03 5.24440E-01 2.36293E+02
3.40858E+02 1.13756E-03 5.01942E-01 2.28714E+02
3.48785E+02 1.07254E-03 4.79522E-01 2.20983E+02
3.56712E+02 1.00946E-03 4.57273E-01 2.13135E+02
3.64639E+02 9.48363E-04 4.35238E-01 2.05188E+02
3.72566E+02 8.89366E-04 4.13492E-01 1.97172E+02
3.80493E+02 8.32557E-04 3.92103E-01 1.89118E+02
3.88420E+02 7.77982E-04 3.71122E-01 1.81052E+02
3.96347E+02 7.25662E-04 3.50594E-01 1.72998E+02
4.04274E+02 6.75517E-04 3.30522E-01 1.64963E+02
4.12201E+02 6.27608E-04 3.10965E-01 1.56980E+02
4.20128E+02 5.82030E-04 2.91998E-01 1.49086E+02
4.28055E+02 5.38720E-04 2.73633E-01 1.41298E+02
4.35981E+02 4.97570E-04 2.55857E-01 1.33619E+02
4.43908E+02 4.58654E-04 2.38737E-01 1.26088E+02
4.51835E+02 4.21887E-04 2.22272E-01 1.18714E+02
4.59762E+02 3.87256E-04 2.06488E-01 1.11520E+02
4.67689E+02 3.54763E-04 1.91421E-01 1.04533E+02
4.75616E+02 3.24339E-04 1.77073E-01 9.77666E+01
4.83543E+02 2.95740E-04 1.63359E-01 9.11901E+01
4.91470E+02 2.69138E-04 1.50392E-01 8.48689E+01
4.99397E+02 2.44342E-04 1.38108E-01 7.87837E+01
5.07324E+02 2.21236E-04 1.26478E-01 7.29299E+01
5.15251E+02 1.99943E-04 1.15592E-01 6.73643E+01
5.23178E+02 1.80219E-04 1.05352E-01 6.20481E+01
5.31105E+02 1.61984E-04 9.57404E-02 5.69818E+01
5.39032E+02 1.45242E-04 8.67836E-02 5.21897E+01
5.46959E+02 1.29861E-04 7.84327E-02 4.76555E+01
5.54886E+02 1.15798E-04 7.06858E-02 4.33880E+01
5.62812E+02 1.02927E-04 6.34933E-02 3.93689E+01
5.70739E+02 9.12222E-05 5.68602E-02 3.56097E+01
5.78666E+02 8.05797E-05 5.07447E-02 3.20955E+01
5.86593E+02 7.09308E-05 4.51236E-02 2.88209E+01
5.94520E+02 6.22035E-05 3.99703E-02 2.57778E+01
6.02447E+02 5.43560E-05 3.52743E-02 2.29676E+01
6.10374E+02 4.72935E-05 3.09920E-02 2.03711E+01
6.18301E+02 4.09683E-05 2.71067E-02 1.79845E+01
6.26228E+02 3.53229E-05 2.35942E-02 1.57990E+01
6.34155E+02 3.02962E-05 2.04268E-02 1.38032E+01
6.42082E+02 2.58379E-05 1.75823E-02 1.19883E+01
6.50009E+02 2.18997E-05 1.50384E-02 1.03450E+01
6.57936E+02 1.84270E-05 1.27676E-02 8.86021E+00
6.65863E+02 1.53901E-05 1.07578E-02 7.53007E+00
6.73790E+02 1.27350E-05 8.97963E-03 6.33915E+00
6.81717E+02 1.04374E-05 7.42260E-03 5.28399E+00
6.89643E+02 8.45432E-06 6.06306E-03 4.35191E+00
6.97570E+02 6.75528E-06 4.88479E-03 3.53477E+00
7.05497E+02 5.31138E-06 3.87201E-03 2.82438E+00
7.13424E+02 4.09412E-06 3.00857E-03 2.21191E+00
7.21351E+02 3.08086E-06 2.28181E-03 1.69064E+00
7.29278E+02 2.24765E-06 1.67759E-03 1.25248E+00
7.37205E+02 1.57464E-06 1.18422E-03 8.90794E-01
7.45132E+02 1.04489E-06 7.91683E-04 5.99924E-01
7.53059E+02 6.40715E-07 4.89007E-04 3.73256E-01
7.60986E+02 3.45742E-07 2.65782E-04 2.04326E-01
7.68913E+02 1.48476E-07 1.14947E-04 8.89911E-02
7.76840E+02 3.68990E-08 2.87643E-05 2.24231E-02
7.84767E+02 0.00000E+00 0.00000E+00 0.00000E+00
