100 2
0.00000E+00 3.56447E-03 1.00001E+00 3.46388E+02
7.90490E+00 3.56283E-03 1.00001E+00 3.46388E+02
1.58098E+01 3.55676E-03 9.99931E-01 3.46387E+02
2.37147E+01 3.54744E-03 9.99745E-01 3.46383E+02
3.16196E+01 3.53331E-03 9.99352E-01 3.46372E+02
3.95245E+01 3.51629E-03 9.98743E-01 3.46350E+02
4.74294E+01 3.49487E-03 9.97808E-01 3.46309E+02
5.53343E+01 3.47038E-03 9.96547E-01 3.46244E+02
6.32392E+01 3.44165E-03 9.94842E-01 3.46143E+02
7.11441E+01 3.40945E-03 9.92675E-01 3.45997E+02
7.90490E+01 3.37362E-03 9.89982E-01 3.45794E+02
8.69539E+01 3.33434E-03 9.86718E-01 3.45523E+02
9.48588E+01 3.29219E-03 9.82882E-01 3.45174E+02
1.02764E+02 3.24626E-03 9.78343E-01 3.44725E+02
1.10669E+02 3.19740E-03 9.73126E-01 3.44168E+02
1.18574E+02 3.14551E-03 9.67177E-01 3.43485E+02
1.26478E+02 3.09028E-03 9.60408E-01 3.42655E+02
1.34383E+02 3.03273E-03 9.52898E-01 3.41675E+02
1.42288E+02 2.97270E-03 9.44593E-01 3.40526E+02
1.50193E+02 2.90972E-03 9.35380E-01 3.39178E+02
1.58098E+02 2.84464E-03 9.25348E-01 3.37631E+02
1.66003E+02 2.77769E-03 9.14497E-01 3.35872E+02
1.73908E+02 2.70822E-03 9.02689E-01 3.33865E+02
1.81813E+02 2.63748E-03 8.90107E-01 3.31626E+02
1.89718E+02 2.56483E-03 8.76610E-01 3.29119E+02
1.97623E+02 2.49075E-03 8.62263E-01 3.26339E+02
2.05527E+02 2.41552E-03 8.47097E-01 3.23282E+02
2.13432E+02 2.33938E-03 8.31146E-01 3.19940E+02
2.21337E+02 2.26212E-03 8.14350E-01 3.16288E+02
2.29242E+02 2.18455E-03 7.96874E-01 3.12351E+02
2.37147E+02 2.10643E-03 7.78658E-01 3.08102E+02
2.45052E+02 2.02806E-03 7.59764E-01 3.03547E+02
2.52957E+02 1.94965E-03 7.40240E-01 2.98685E+02
2.60862E+02 1.87144E-03 7.20148E-01 2.93522E+02
2.68767E+02 1.79359E-03 6.99531E-01 2.88062E+02
2.76672E+02 1.71634E-03 6.78463E-01 2.82317E+02
2.84577E+02 1.63965E-03 6.56944E-01 2.76278E+02
2.92481E+02 1.56390E-03 6.35090E-01 2.69972E+02
3.00386E+02 1.48928E-03 6.12969E-01 2.63414E+02
3.08291E+02 1.41582E-03 5.90613E-01 2.56610E+02
3.16196E+02 1.34391E-03 5.68159E-01 2.49599E+02
3.24101E+02 1.27337E-03 5.45577E-01 2.42369E+02
3.32006E+02 1.20459E-03 5.23017E-01 2.34968E+02
3.39911E+02 1.13761E-03 5.00513E-01 2.27408E+02
3.47816E+02 1.07251E-03 4.78129E-01 2.19711E+02
3.55721E+02 1.00929E-03 4.55895E-01 2.11890E+02
3.63626E+02 9.48205E-04 4.33924E-01 2.03988E+02
3.71530E+02 8.89202E-04 4.12238E-01 1.96017E+02
3.79435E+02 8.32225E-04 3.90845E-01 1.87985E+02
3.87340E+02 7.77653E-04 3.69924E-01 1.79964E+02
3.95245E+02 7.25226E-04 3.49411E-01 1.71938E+02
4.03150E+02 6.75074E-04 3.29392E-01 1.63946E+02
4.11055E+02 6.27251E-04 3.09924E-01 1.56021E+02
4.18960E+02 5.81612E-04 2.90985E-01 1.48162E+02
4.26865E+02 5.38290E-04 2.72665E-01 1.40414E+02
4.34770E+02 4.97108E-04 2.54924E-01 1.32772E+02
4.42675E+02 4.58311E-04 2.37904E-01 1.25305E+02
4.50579E+02 4.21548E-04 2.21486E-01 1.17973E+02
4.58484E+02 3.87004E-04 2.05786E-01 1.10837E+02
4.66389E+02 3.54573E-04 1.90791E-01 1.03903E+02
4.74294E+02 3.24057E-04 1.76439E-01 9.71533E+01
4.82199E+02 2.95546E-04 1.62805E-01 9.06334E+01
4.90104E+02 2.68923E-04 1.49863E-01 8.43422E+01
4.98009E+02 2.44145E-04 1.37623E-01 7.82952E+01
5.05914E+02 2.21161E-04 1.26087E-01 7.25050E+01
5.13819E+02 1.99843E-04 1.15219E-01 6.69641E+01
5.21724E+02 1.80151E-04 1.05024E-01 6.16862E+01
5.29628E+02 1.61929E-04 9.54465E-02 5.66519E+01
5.37533E+02 1.45152E-04 8.64954E-02 5.18762E+01
5.45438E+02 1.29791E-04 7.81781E-02 4.73727E+01
5.53343E+02 1.15724E-04 7.04504E-02 4.31274E+01
5.61248E+02 1.02893E-04 6.33006E-02 3.91431E+01
5.69153E+02 9.11872E-05 5.66849E-02 3.54042E+01
5.77058E+02 8.05469E-05 5.05874E-02 3.19099E+01
5.84963E+02 7.09302E-05 4.50006E-02 2.86642E+01
5.92868E+02 6.22138E-05 3.98679E-02 2.56417E+01
6.00773E+02 5.43723E-05 3.51884E-02 2.28492E+01
6.08678E+02 4.73325E-05 3.09319E-02 2.02755E+01
6.16582E+02 4.09960E-05 2.70505E-02 1.78980E+01
6.24487E+02 3.53463E-05 2.35452E-02 1.57230E+01
6.32392E+02 3.03243E-05 2.03896E-02 1.37402E+01
6.40297E+02 2.58659E-05 1.75529E-02 1.19353E+01
6.48202E+02 2.19190E-05 1.50104E-02 1.02975E+01
6.56107E+02 1.84518E-05 1.27496E-02 8.82330E+00
6.64012E+02 1.54105E-05 1.07425E-02 7.49863E+00
6.71917E+02 1.27521E-05 8.96696E-03 6.31280E+00
6.79822E+02 1.04497E-05 7.41104E-03 5.26131E+00
6.87727E+02 8.46234E-06 6.05225E-03 4.33229E+00
6.95631E+02 6.76167E-06 4.87606E-03 3.51882E+00
7.03536E+02 5.31628E-06 3.86500E-03 2.81158E+00
7.11441E+02 4.10186E-06 3.00594E-03 2.20388E+00
7.19346E+02 3.08636E-06 2.27958E-03 1.68434E+00
7.27251E+02 2.25278E-06 1.67677E-03 1.24840E+00
7.35156E+02 1.57897E-06 1.18418E-03 8.88291E-01
7.43061E+02 1.04663E-06 7.90814E-04 5.97614E-01
7.50966E+02 6.41594E-07 4.88328E-04 3.71710E-01
7.58871E+02 3.47170E-07 2.66137E-04 2.04028E-01
7.66776E+02 1.48965E-07 1.15005E-04 8.87886E-02
7.74680E+02 3.67809E-08 2.85933E-05 2.22285E-02
7.82585E+02 0.00000E+00 0.00000E+00 0.00000E+00
