100 2
0.00000E+00 3.48499E-03 1.00001E+00 3.53192E+02
8.01149E+00 3.48178E-03 1.00000E+00 3.53192E+02
1.60230E+01 3.47764E-03 9.99952E-01 3.53191E+02
2.40345E+01 3.46691E-03 9.99737E-01 3.53187E+02
3.20459E+01 3.45546E-03 9.99413E-01 3.53178E+02
4.00574E+01 3.43799E-03 9.98782E-01 3.53155E+02
4.80689E+01 3.41966E-03 9.97973E-01 3.53119E+02
5.60804E+01 3.39516E-03 9.96699E-01 3.53053E+02
6.40919E+01 3.36910E-03 9.95132E-01 3.52958E+02
7.21034E+01 3.33753E-03 9.92982E-01 3.52812E+02
8.01149E+01 3.30452E-03 9.90464E-01 3.52619E+02
8.81264E+01 3.26709E-03 9.87315E-01 3.52354E+02
9.61378E+01 3.22735E-03 9.83647E-01 3.52016E+02
1.04149E+02 3.18380E-03 9.79287E-01 3.51579E+02
1.12161E+02 3.13701E-03 9.74219E-01 3.51030E+02
1.20172E+02 3.08917E-03 9.68663E-01 3.50384E+02
1.28184E+02 3.03574E-03 9.62026E-01 3.49560E+02
1.36195E+02 2.98170E-03 9.54880E-01 3.48614E+02
1.44207E+02 2.92382E-03 9.46767E-01 3.47477E+02
1.52218E+02 2.86347E-03 9.37816E-01 3.46149E+02
1.60230E+02 2.80258E-03 9.28304E-01 3.44663E+02
1.68241E+02 2.73710E-03 9.17552E-01 3.42897E+02
1.76253E+02 2.67069E-03 9.06108E-01 3.40924E+02
1.84264E+02 2.60333E-03 8.93963E-01 3.38734E+02
1.92276E+02 2.53347E-03 8.80815E-01 3.36259E+02
2.00287E+02 2.46153E-03 8.66694E-01 3.33487E+02
2.08299E+02 2.38881E-03 8.51836E-01 3.30451E+02
2.16310E+02 2.31508E-03 8.36178E-01 3.27126E+02
2.24322E+02 2.24049E-03 8.19743E-01 3.23504E+02
2.32333E+02 2.16550E-03 8.02621E-01 3.19594E+02
2.40345E+02 2.08907E-03 7.84557E-01 3.15324E+02
2.48356E+02 2.01286E-03 7.65936E-01 3.10773E+02
2.56368E+02 1.93652E-03 7.46670E-01 3.05911E+02
2.64379E+02 1.86010E-03 7.26771E-01 3.00730E+02
2.72391E+02 1.78400E-03 7.06350E-01 2.95249E+02
2.80402E+02 1.70808E-03 6.85366E-01 2.89449E+02
2.88414E+02 1.63291E-03 6.63987E-01 2.83368E+02
2.96425E+02 1.55843E-03 6.42207E-01 2.76999E+02
3.04437E+02 1.48512E-03 6.20183E-01 2.70382E+02
3.12448E+02 1.41273E-03 5.97859E-01 2.63496E+02
3.20459E+02 1.34168E-03 5.75375E-01 2.56381E+02
3.28471E+02 1.27217E-03 5.52822E-01 2.49063E+02
3.36482E+02 1.20409E-03 5.30190E-01 2.41539E+02
3.44494E+02 1.13769E-03 5.07580E-01 2.33840E+02
3.52505E+02 1.07310E-03 4.85074E-01 2.25997E+02
3.60517E+02 1.01039E-03 4.62715E-01 2.18026E+02
3.68528E+02 9.49595E-04 4.40557E-01 2.09949E+02
3.76540E+02 8.90929E-04 4.18703E-01 2.01808E+02
3.84551E+02 8.34260E-04 3.97140E-01 1.93602E+02
3.92563E+02 7.79742E-04 3.75958E-01 1.85372E+02
4.00574E+02 7.27454E-04 3.55223E-01 1.77150E+02
4.08586E+02 6.77296E-04 3.34932E-01 1.68941E+02
4.16597E+02 6.29432E-04 3.15184E-01 1.60793E+02
4.24609E+02 5.83851E-04 2.96014E-01 1.52730E+02
4.32620E+02 5.40429E-04 2.77404E-01 1.44754E+02
4.40632E+02 4.99222E-04 2.59414E-01 1.36900E+02
4.48643E+02 4.60280E-04 2.42100E-01 1.29202E+02
4.56655E+02 4.23389E-04 2.25403E-01 1.21645E+02
4.64666E+02 3.88674E-04 2.09413E-01 1.14279E+02
4.72678E+02 3.56054E-04 1.94126E-01 1.07115E+02
4.80689E+02 3.25451E-04 1.79540E-01 1.00162E+02
4.88701E+02 2.96788E-04 1.65648E-01 9.34298E+01
4.96712E+02 2.70037E-04 1.52469E-01 8.69369E+01
5.04724E+02 2.45113E-04 1.39991E-01 8.06892E+01
5.12735E+02 2.21956E-04 1.28211E-01 7.46968E+01
5.20747E+02 2.00518E-04 1.17134E-01 6.89734E+01
5.28758E+02 1.80669E-04 1.06719E-01 6.35085E+01
5.36770E+02 1.62407E-04 9.69905E-02 5.83258E+01
5.44781E+02 1.45564E-04 8.78833E-02 5.34013E+01
5.52793E+02 1.30127E-04 7.94123E-02 4.87529E+01
5.60804E+02 1.15962E-04 7.15265E-02 4.43625E+01
5.68816E+02 1.03064E-04 6.42422E-02 4.02486E+01
5.76827E+02 9.12979E-05 5.75029E-02 3.63885E+01
5.84839E+02 8.06173E-05 5.12999E-02 3.27860E+01
5.92850E+02 7.09579E-05 4.56128E-02 2.94375E+01
6.00862E+02 6.21934E-05 4.03823E-02 2.63160E+01
6.08873E+02 5.43099E-05 3.56144E-02 2.34324E+01
6.16885E+02 4.72435E-05 3.12841E-02 2.07787E+01
6.24896E+02 4.09000E-05 2.73460E-02 1.83338E+01
6.32907E+02 3.52451E-05 2.37900E-02 1.60977E+01
6.40919E+02 3.02089E-05 2.05828E-02 1.40552E+01
6.48930E+02 2.57494E-05 1.77071E-02 1.22008E+01
6.56942E+02 2.18155E-05 1.51388E-02 1.05240E+01
6.64953E+02 1.83414E-05 1.28429E-02 9.00672E+00
6.72965E+02 1.53115E-05 1.08163E-02 7.65113E+00
6.80976E+02 1.26622E-05 9.02293E-03 6.43723E+00
6.88988E+02 1.03734E-05 7.45535E-03 5.36358E+00
6.96999E+02 8.39826E-06 6.08677E-03 4.41528E+00
7.05011E+02 6.70905E-06 4.90281E-03 3.58544E+00
7.13022E+02 5.26885E-06 3.88185E-03 2.86168E+00
7.21034E+02 4.05762E-06 3.01350E-03 2.23914E+00
7.29045E+02 3.05301E-06 2.28525E-03 1.71121E+00
7.37057E+02 2.22802E-06 1.68062E-03 1.26807E+00
7.45068E+02 1.56085E-06 1.18633E-03 9.01859E-01
7.53080E+02 1.03347E-06 7.91376E-04 6.06086E-01
7.61091E+02 6.33651E-07 4.88770E-04 3.77050E-01
7.69103E+02 3.41872E-07 2.65608E-04 2.06368E-01
7.77114E+02 1.47882E-07 1.15701E-04 9.05257E-02
7.85126E+02 3.67871E-08 2.89820E-05 2.28330E-02
7.93137E+02 0.00000E+00 0.00000E+00 0.00000E+00
