100 2
0.00000E+00 3.46115E-03 1.00001E+00 3.55134E+02
8.04137E+00 3.45910E-03 1.00000E+00 3.55134E+02
1.60827E+01 3.45408E-03 9.99935E-01 3.55133E+02
2.41241E+01 3.44494E-03 9.99747E-01 3.55129E+02
3.21655E+01 3.43228E-03 9.99385E-01 3.55119E+02
4.02068E+01 3.41645E-03 9.98806E-01 3.55098E+02
4.82482E+01 3.39690E-03 9.97937E-01 3.55059E+02
5.62896E+01 3.37419E-03 9.96745E-01 3.54996E+02
6.43309E+01 3.34744E-03 9.95127E-01 3.54898E+02
7.23723E+01 3.31837E-03 9.93137E-01 3.54762E+02
8.04137E+01 3.28462E-03 9.90556E-01 3.54564E+02
8.84550E+01 3.24895E-03 9.87540E-01 3.54309E+02
9.64964E+01 3.20922E-03 9.83866E-01 3.53969E+02
1.04538E+02 3.16707E-03 9.79628E-01 3.53543E+02
1.12579E+02 3.12111E-03 9.74639E-01 3.53001E+02
1.20620E+02 3.07215E-03 9.68929E-01 3.52335E+02
1.28662E+02 3.02082E-03 9.62527E-01 3.51536E+02
1.36703E+02 2.96670E-03 9.55343E-01 3.50582E+02
1.44745E+02 2.91036E-03 9.47412E-01 3.49465E+02
1.52786E+02 2.85154E-03 9.38661E-01 3.48163E+02
1.60827E+02 2.78964E-03 9.28954E-01 3.46641E+02
1.68869E+02 2.72622E-03 9.18497E-01 3.44916E+02
1.76910E+02 2.66118E-03 9.07253E-01 3.42972E+02
1.84951E+02 2.59296E-03 8.94907E-01 3.40737E+02
1.92993E+02 2.52466E-03 8.82000E-01 3.38298E+02
2.01034E+02 2.45358E-03 8.67997E-01 3.35538E+02
2.09076E+02 2.38175E-03 8.53265E-01 3.32517E+02
2.17117E+02 2.30868E-03 8.37694E-01 3.29198E+02
2.25158E+02 2.23463E-03 8.21318E-01 3.25576E+02
2.33200E+02 2.16002E-03 8.04218E-01 3.21657E+02
2.41241E+02 2.08466E-03 7.86341E-01 3.17416E+02
2.49282E+02 2.00888E-03 7.67754E-01 3.12856E+02
2.57324E+02 1.93295E-03 7.48523E-01 3.07985E+02
2.65365E+02 1.85699E-03 7.28671E-01 3.02796E+02
2.73406E+02 1.78138E-03 7.08303E-01 2.97309E+02
2.81448E+02 1.70592E-03 6.87367E-01 2.91500E+02
2.89489E+02 1.63117E-03 6.66030E-01 2.85409E+02
2.97531E+02 1.55711E-03 6.44292E-01 2.79029E+02
3.05572E+02 1.48402E-03 6.22253E-01 2.72382E+02
3.13613E+02 1.41205E-03 5.99973E-01 2.65484E+02
3.21655E+02 1.34127E-03 5.77492E-01 2.58344E+02
3.29696E+02 1.27190E-03 5.54899E-01 2.50986E+02
3.37737E+02 1.20413E-03 5.32283E-01 2.43438E+02
3.45779E+02 1.13797E-03 5.09676E-01 2.35712E+02
3.53820E+02 1.07344E-03 4.87103E-01 2.27816E+02
3.61861E+02 1.01091E-03 4.64731E-01 2.19811E+02
3.69903E+02 9.50146E-04 4.42498E-01 2.11677E+02
3.77944E+02 8.91591E-04 4.20605E-01 2.03490E+02
3.85986E+02 8.34966E-04 3.98977E-01 1.95230E+02
3.94027E+02 7.80516E-04 3.77743E-01 1.86949E+02
4.02068E+02 7.28206E-04 3.56923E-01 1.78661E+02
4.10110E+02 6.78088E-04 3.36572E-01 1.70397E+02
4.18151E+02 6.30191E-04 3.16738E-01 1.62184E+02
4.26192E+02 5.84551E-04 2.97471E-01 1.54050E+02
4.34234E+02 5.41117E-04 2.78786E-01 1.46012E+02
4.42275E+02 4.99944E-04 2.60744E-01 1.38105E+02
4.50317E+02 4.60907E-04 2.43323E-01 1.30331E+02
4.58358E+02 4.23894E-04 2.26508E-01 1.22692E+02
4.66399E+02 3.89189E-04 2.10462E-01 1.15273E+02
4.74441E+02 3.56559E-04 1.95114E-01 1.08053E+02
4.82482E+02 3.25899E-04 1.80446E-01 1.01035E+02
4.90523E+02 2.97148E-04 1.66459E-01 9.42314E+01
4.98565E+02 2.70418E-04 1.53241E-01 8.76950E+01
5.06606E+02 2.45452E-04 1.40695E-01 8.13899E+01
5.14647E+02 2.22278E-04 1.28863E-01 7.53486E+01
5.22689E+02 2.00760E-04 1.17704E-01 6.95611E+01
5.30730E+02 1.80884E-04 1.07236E-01 6.40478E+01
5.38772E+02 1.62544E-04 9.74287E-02 5.88039E+01
5.46813E+02 1.45722E-04 8.82986E-02 5.38485E+01
5.54854E+02 1.30236E-04 7.97695E-02 4.91508E+01
5.62896E+02 1.16085E-04 7.18616E-02 4.47317E+01
5.70937E+02 1.03134E-04 6.45205E-02 4.05704E+01
5.78978E+02 9.13490E-05 5.77453E-02 3.66753E+01
5.87020E+02 8.06449E-05 5.15055E-02 3.30378E+01
5.95061E+02 7.09566E-05 4.57800E-02 2.96541E+01
6.03102E+02 6.22001E-05 4.05348E-02 2.65121E+01
6.11144E+02 5.43061E-05 3.57426E-02 2.36030E+01
6.19185E+02 4.72224E-05 3.13855E-02 2.09229E+01
6.27227E+02 4.08921E-05 2.74409E-02 1.84648E+01
6.35268E+02 3.52204E-05 2.38611E-02 1.62053E+01
6.43309E+02 3.01848E-05 2.06422E-02 1.41477E+01
6.51351E+02 2.57232E-05 1.77544E-02 1.22785E+01
6.59392E+02 2.17943E-05 1.51798E-02 1.05914E+01
6.67433E+02 1.83331E-05 1.28839E-02 9.06852E+00
6.75475E+02 1.52918E-05 1.08422E-02 7.69774E+00
6.83516E+02 1.26508E-05 9.04786E-03 6.47868E+00
6.91558E+02 1.03594E-05 7.47269E-03 5.39586E+00
6.99599E+02 8.38619E-06 6.10041E-03 4.44148E+00
7.07640E+02 6.69338E-06 4.90952E-03 3.60368E+00
7.15682E+02 5.25803E-06 3.88821E-03 2.87697E+00
7.23723E+02 4.04914E-06 3.01833E-03 2.25102E+00
7.31764E+02 3.04181E-06 2.28538E-03 1.71771E+00
7.39806E+02 2.21540E-06 1.67742E-03 1.27044E+00
7.47847E+02 1.55185E-06 1.18393E-03 9.03433E-01
7.55888E+02 1.02765E-06 7.89880E-04 6.07214E-01
7.63930E+02 6.28865E-07 4.86911E-04 3.77035E-01
7.71971E+02 3.39673E-07 2.64890E-04 2.06582E-01
7.80013E+02 1.45206E-07 1.14042E-04 8.95684E-02
7.88054E+02 3.64787E-08 2.88466E-05 2.28114E-02
7.96095E+02 0.00000E+00 0.00000E+00 0.00000E+00
