100 2
0.00000E+00 3.51282E-03 1.00001E+00 3.50693E+02
7.97269E+00 3.51177E-03 1.00001E+00 3.50693E+02
1.59454E+01 3.50544E-03 9.99930E-01 3.50692E+02
2.39181E+01 3.49686E-03 9.99756E-01 3.50688E+02
3.18908E+01 3.48324E-03 9.99374E-01 3.50678E+02
3.98635E+01 3.46717E-03 9.98795E-01 3.50657E+02
4.78362E+01 3.44590E-03 9.97861E-01 3.50616E+02
5.58089E+01 3.42288E-03 9.96664E-01 3.50553E+02
6.37816E+01 3.39503E-03 9.95000E-01 3.50454E+02
7.17542E+01 3.36417E-03 9.92904E-01 3.50311E+02
7.97269E+01 3.32974E-03 9.90297E-01 3.50114E+02
8.76996E+01 3.29165E-03 9.87104E-01 3.49846E+02
9.56723E+01 3.25127E-03 9.83403E-01 3.49506E+02
1.03645E+02 3.20635E-03 9.78924E-01 3.49059E+02
1.11618E+02 3.15969E-03 9.73901E-01 3.48518E+02
1.19590E+02 3.10853E-03 9.67984E-01 3.47834E+02
1.27563E+02 3.05612E-03 9.61504E-01 3.47032E+02
1.35536E+02 2.99999E-03 9.54120E-01 3.46061E+02
1.43508E+02 2.94111E-03 9.45901E-01 3.44913E+02
1.51481E+02 2.88102E-03 9.37036E-01 3.43605E+02
1.59454E+02 2.81727E-03 9.27126E-01 3.42064E+02
1.67427E+02 2.75137E-03 9.16351E-01 3.40302E+02
1.75399E+02 2.68508E-03 9.04985E-01 3.38353E+02
1.83372E+02 2.61565E-03 8.92534E-01 3.36119E+02
1.91345E+02 2.54436E-03 8.79177E-01 3.33617E+02
1.99317E+02 2.47197E-03 8.65034E-01 3.30853E+02
2.07290E+02 2.39841E-03 8.50076E-01 3.27811E+02
2.15263E+02 2.32374E-03 8.34297E-01 3.24477E+02
2.23235E+02 2.24832E-03 8.17761E-01 3.20850E+02
2.31208E+02 2.17227E-03 8.00479E-01 3.16923E+02
2.39181E+02 2.09542E-03 7.82405E-01 3.12672E+02
2.47154E+02 2.01830E-03 7.63652E-01 3.08111E+02
2.55126E+02 1.94121E-03 7.44293E-01 3.03249E+02
2.63099E+02 1.86406E-03 7.24303E-01 2.98069E+02
2.71072E+02 1.78726E-03 7.03789E-01 2.92589E+02
2.79044E+02 1.71097E-03 6.82804E-01 2.86817E+02
2.87017E+02 1.63525E-03 6.61374E-01 2.80751E+02
2.94990E+02 1.56035E-03 6.39579E-01 2.74409E+02
3.02962E+02 1.48641E-03 6.17472E-01 2.67799E+02
3.10935E+02 1.41375E-03 5.95172E-01 2.60954E+02
3.18908E+02 1.34235E-03 5.72685E-01 2.53872E+02
3.26880E+02 1.27237E-03 5.50093E-01 2.46577E+02
3.34853E+02 1.20409E-03 5.27499E-01 2.39102E+02
3.42826E+02 1.13762E-03 5.04978E-01 2.31470E+02
3.50799E+02 1.07276E-03 4.82486E-01 2.23670E+02
3.58771E+02 1.00994E-03 4.60201E-01 2.15764E+02
3.66744E+02 9.48984E-04 4.38090E-01 2.07743E+02
3.74717E+02 8.90117E-04 4.16267E-01 1.99653E+02
3.82689E+02 8.33460E-04 3.94812E-01 1.91528E+02
3.90662E+02 7.78914E-04 3.73722E-01 1.83374E+02
3.98635E+02 7.26563E-04 3.53064E-01 1.75221E+02
4.06607E+02 6.76402E-04 3.32869E-01 1.67090E+02
4.14580E+02 6.28632E-04 3.13256E-01 1.59038E+02
4.22553E+02 5.82970E-04 2.94145E-01 1.51039E+02
4.30525E+02 5.39592E-04 2.75644E-01 1.43148E+02
4.38498E+02 4.98392E-04 2.57744E-01 1.35371E+02
4.46471E+02 4.59490E-04 2.40532E-01 1.27755E+02
4.54444E+02 4.22678E-04 2.23951E-01 1.20286E+02
4.62416E+02 3.88007E-04 2.08058E-01 1.13001E+02
4.70389E+02 3.55451E-04 1.92875E-01 1.05920E+02
4.78362E+02 3.24876E-04 1.78373E-01 9.90414E+01
4.86334E+02 2.96234E-04 1.64559E-01 9.23785E+01
4.94307E+02 2.69598E-04 1.51500E-01 8.59758E+01
5.02280E+02 2.44766E-04 1.39127E-01 7.98111E+01
5.10252E+02 2.21656E-04 1.27429E-01 7.38893E+01
5.18225E+02 2.00234E-04 1.16414E-01 6.82255E+01
5.26198E+02 1.80480E-04 1.06099E-01 6.28395E+01
5.34171E+02 1.62218E-04 9.64182E-02 5.77072E+01
5.42143E+02 1.45387E-04 8.73614E-02 5.28336E+01
5.50116E+02 1.29975E-04 7.89451E-02 4.82376E+01
5.58089E+02 1.15865E-04 7.11275E-02 4.39061E+01
5.66061E+02 1.02985E-04 6.38888E-02 3.98378E+01
5.74034E+02 9.12413E-05 5.71948E-02 3.60222E+01
5.82007E+02 8.05654E-05 5.10245E-02 3.24559E+01
5.89979E+02 7.09021E-05 4.53624E-02 2.91382E+01
5.97952E+02 6.21929E-05 4.01899E-02 2.60662E+01
6.05925E+02 5.43353E-05 3.54607E-02 2.32198E+01
6.13897E+02 4.72541E-05 3.11424E-02 2.05863E+01
6.21870E+02 4.09227E-05 2.72308E-02 1.81696E+01
6.29843E+02 3.52787E-05 2.36988E-02 1.59594E+01
6.37816E+02 3.02517E-05 2.05130E-02 1.39404E+01
6.45788E+02 2.57922E-05 1.76513E-02 1.21039E+01
6.53761E+02 2.18554E-05 1.50937E-02 1.04423E+01
6.61734E+02 1.83892E-05 1.28141E-02 8.94310E+00
6.69706E+02 1.53531E-05 1.07932E-02 7.59799E+00
6.77679E+02 1.26990E-05 9.00544E-03 6.39373E+00
6.85652E+02 1.04025E-05 7.44020E-03 5.32690E+00
6.93624E+02 8.42327E-06 6.07548E-03 4.38585E+00
7.01597E+02 6.72651E-06 4.89197E-03 3.56034E+00
7.09570E+02 5.28714E-06 3.87653E-03 2.84397E+00
7.17542E+02 4.07461E-06 3.01147E-03 2.22679E+00
7.25515E+02 3.06276E-06 2.28152E-03 1.70020E+00
7.33488E+02 2.23331E-06 1.67654E-03 1.25893E+00
7.41461E+02 1.56474E-06 1.18358E-03 8.95454E-01
7.49433E+02 1.03732E-06 7.90498E-04 6.02494E-01
7.57406E+02 6.35225E-07 4.87629E-04 3.74363E-01
7.65379E+02 3.43055E-07 2.65242E-04 2.05090E-01
7.73351E+02 1.47211E-07 1.14626E-04 8.92561E-02
7.81324E+02 3.65178E-08 2.86318E-05 2.24489E-02
7.89297E+02 0.00000E+00 0.00000E+00 0.00000E+00
