100 2
0.00000E+00 3.39370E-03 1.00001E+00 3.61101E+02
8.13178E+00 3.39139E-03 1.00000E+00 3.61100E+02
1.62636E+01 3.38675E-03 9.99942E-01 3.61100E+02
2.43953E+01 3.37791E-03 9.99759E-01 3.61096E+02
3.25271E+01 3.36681E-03 9.99440E-01 3.61087E+02
4.06589E+01 3.35087E-03 9.98854E-01 3.61065E+02
4.87907E+01 3.33328E-03 9.98064E-01 3.61029E+02
5.69225E+01 3.31082E-03 9.96874E-01 3.60966E+02
6.50542E+01 3.28644E-03 9.95385E-01 3.60875E+02
7.31860E+01 3.25778E-03 9.93401E-01 3.60738E+02
8.13178E+01 3.22693E-03 9.91015E-01 3.60553E+02
8.94496E+01 3.19181E-03 9.88013E-01 3.60296E+02
9.75814E+01 3.15490E-03 9.84558E-01 3.59972E+02
1.05713E+02 3.11381E-03 9.80379E-01 3.59547E+02
1.13845E+02 3.07137E-03 9.75718E-01 3.59035E+02
1.21977E+02 3.02429E-03 9.70167E-01 3.58381E+02
1.30108E+02 2.97551E-03 9.64015E-01 3.57604E+02
1.38240E+02 2.92406E-03 9.57114E-01 3.56678E+02
1.46372E+02 2.86927E-03 9.49313E-01 3.55567E+02
1.54504E+02 2.81313E-03 9.40865E-01 3.54296E+02
1.62636E+02 2.75381E-03 9.31459E-01 3.52804E+02
1.70767E+02 2.69295E-03 9.21309E-01 3.51111E+02
1.78899E+02 2.63006E-03 9.10316E-01 3.49189E+02
1.87031E+02 2.56446E-03 8.98311E-01 3.46992E+02
1.95163E+02 2.49793E-03 8.85594E-01 3.44560E+02
2.03295E+02 2.43004E-03 8.72068E-01 3.41865E+02
2.11426E+02 2.36028E-03 8.57604E-01 3.38866E+02
2.19558E+02 2.28926E-03 8.42301E-01 3.35568E+02
2.27690E+02 2.21713E-03 8.26172E-01 3.31961E+02
2.35822E+02 2.14451E-03 8.09339E-01 3.28059E+02
2.43953E+02 2.07100E-03 7.91706E-01 3.23829E+02
2.52085E+02 1.99690E-03 7.73329E-01 3.19271E+02
2.60217E+02 1.92263E-03 7.54304E-01 3.14397E+02
2.68349E+02 1.84818E-03 7.34628E-01 3.09197E+02
2.76481E+02 1.77394E-03 7.14404E-01 3.03687E+02
2.84612E+02 1.69995E-03 6.93646E-01 2.97863E+02
2.92744E+02 1.62639E-03 6.72410E-01 2.91732E+02
3.00876E+02 1.55348E-03 6.50772E-01 2.85309E+02
3.09008E+02 1.48146E-03 6.28809E-01 2.78612E+02
3.17139E+02 1.41038E-03 6.06558E-01 2.71645E+02
3.25271E+02 1.34042E-03 5.84085E-01 2.64427E+02
3.33403E+02 1.27187E-03 5.61511E-01 2.56992E+02
3.41535E+02 1.20463E-03 5.38821E-01 2.49335E+02
3.49667E+02 1.13892E-03 5.16114E-01 2.41487E+02
3.57798E+02 1.07501E-03 4.93506E-01 2.33490E+02
3.65930E+02 1.01266E-03 4.70945E-01 2.25326E+02
3.74062E+02 9.52268E-04 4.48602E-01 2.17060E+02
3.82194E+02 8.93804E-04 4.26497E-01 2.08701E+02
3.90325E+02 8.37431E-04 4.04723E-01 2.00291E+02
3.98457E+02 7.83047E-04 3.83276E-01 1.91833E+02
4.06589E+02 7.30826E-04 3.62258E-01 1.83373E+02
4.14721E+02 6.80712E-04 3.41679E-01 1.74923E+02
4.22853E+02 6.32836E-04 3.21631E-01 1.66527E+02
4.30984E+02 5.86980E-04 3.02056E-01 1.58170E+02
4.39116E+02 5.43572E-04 2.83173E-01 1.49956E+02
4.47248E+02 5.02170E-04 2.64825E-01 1.41825E+02
4.55380E+02 4.62972E-04 2.47136E-01 1.33842E+02
4.63511E+02 4.26051E-04 2.30174E-01 1.26049E+02
4.71643E+02 3.91078E-04 2.13823E-01 1.18404E+02
4.79775E+02 3.58272E-04 1.98218E-01 1.10981E+02
4.87907E+02 3.27435E-04 1.83299E-01 1.03763E+02
4.96039E+02 2.98611E-04 1.69120E-01 9.67880E+01
5.04170E+02 2.71672E-04 1.55649E-01 9.00516E+01
5.12302E+02 2.46532E-04 1.42873E-01 8.35587E+01
5.20434E+02 2.23284E-04 1.30869E-01 7.73610E+01
5.28566E+02 2.01612E-04 1.19504E-01 7.14002E+01
5.36697E+02 1.81662E-04 1.08879E-01 6.57414E+01
5.44829E+02 1.63194E-04 9.88926E-02 6.03417E+01
5.52961E+02 1.46246E-04 8.95914E-02 5.52367E+01
5.61093E+02 1.30652E-04 8.09056E-02 5.03989E+01
5.69225E+02 1.16423E-04 7.28648E-02 4.58549E+01
5.77356E+02 1.03426E-04 6.54146E-02 4.15842E+01
5.85488E+02 9.15673E-05 5.85207E-02 3.75764E+01
5.93620E+02 8.07837E-05 5.21639E-02 3.38291E+01
6.01752E+02 7.10698E-05 4.63586E-02 3.03597E+01
6.09884E+02 6.22578E-05 4.10208E-02 2.71262E+01
6.18015E+02 5.43331E-05 3.61560E-02 2.41397E+01
6.26147E+02 4.72293E-05 3.17373E-02 2.13913E+01
6.34279E+02 4.08621E-05 2.77251E-02 1.88629E+01
6.42411E+02 3.51971E-05 2.41092E-02 1.65550E+01
6.50542E+02 3.01493E-05 2.08464E-02 1.44459E+01
6.58674E+02 2.56819E-05 1.79224E-02 1.25321E+01
6.66806E+02 2.17356E-05 1.53074E-02 1.07992E+01
6.74938E+02 1.82696E-05 1.29825E-02 9.23973E+00
6.83070E+02 1.52385E-05 1.09246E-02 7.84263E+00
6.91201E+02 1.25924E-05 9.10669E-03 6.59362E+00
6.99333E+02 1.03044E-05 7.51617E-03 5.48792E+00
7.07465E+02 8.33420E-06 6.13050E-03 4.51338E+00
7.15597E+02 6.65350E-06 4.93483E-03 3.66274E+00
7.23728E+02 5.22430E-06 3.90648E-03 2.92281E+00
7.31860E+02 4.01838E-06 3.02898E-03 2.28428E+00
7.39992E+02 3.01891E-06 2.29358E-03 1.74317E+00
7.48124E+02 2.19608E-06 1.68144E-03 1.28778E+00
7.56256E+02 1.53593E-06 1.18497E-03 9.14391E-01
7.64387E+02 1.01830E-06 7.91477E-04 6.15267E-01
7.72519E+02 6.22203E-07 4.87166E-04 3.81471E-01
7.80651E+02 3.36028E-07 2.64992E-04 2.08984E-01
7.88783E+02 1.44004E-07 1.14366E-04 9.08305E-02
7.96914E+02 3.58899E-08 2.87004E-05 2.29512E-02
8.05046E+02 0.00000E+00 0.00000E+00 0.00000E+00
