100 2
0.00000E+00 3.45935E-03 1.00001E+00 3.55321E+02
8.04423E+00 3.45678E-03 1.00000E+00 3.55321E+02
1.60885E+01 3.45227E-03 9.99941E-01 3.55320E+02
2.41327E+01 3.44267E-03 9.99744E-01 3.55316E+02
3.21769E+01 3.43107E-03 9.99414E-01 3.55307E+02
4.02212E+01 3.41421E-03 9.98801E-01 3.55285E+02
4.82654E+01 3.39540E-03 9.97965E-01 3.55247E+02
5.63096E+01 3.37188E-03 9.96733E-01 3.55183E+02
6.43539E+01 3.34611E-03 9.95174E-01 3.55088E+02
7.23981E+01 3.31577E-03 9.93097E-01 3.54946E+02
8.04423E+01 3.28356E-03 9.90632E-01 3.54757E+02
8.84866E+01 3.24675E-03 9.87522E-01 3.54494E+02
9.65308E+01 3.20782E-03 9.83918E-01 3.54160E+02
1.04575E+02 3.16489E-03 9.79602E-01 3.53726E+02
1.12619E+02 3.11932E-03 9.74649E-01 3.53187E+02
1.20663E+02 3.07121E-03 9.69039E-01 3.52533E+02
1.28708E+02 3.01903E-03 9.62529E-01 3.51721E+02
1.36752E+02 2.96584E-03 9.55467E-01 3.50783E+02
1.44796E+02 2.90870E-03 9.47422E-01 3.49649E+02
1.52840E+02 2.85000E-03 9.38682E-01 3.48348E+02
1.60885E+02 2.78904E-03 9.29120E-01 3.46848E+02
1.68929E+02 2.72464E-03 9.18497E-01 3.45095E+02
1.76973E+02 2.65974E-03 9.07268E-01 3.43152E+02
1.85017E+02 2.59254E-03 8.95105E-01 3.40950E+02
1.93062E+02 2.52353E-03 8.82059E-01 3.38484E+02
2.01106E+02 2.45263E-03 8.68084E-01 3.35728E+02
2.09150E+02 2.38088E-03 8.53363E-01 3.32708E+02
2.17194E+02 2.30793E-03 8.37810E-01 3.29391E+02
2.25239E+02 2.23401E-03 8.21455E-01 3.25773E+02
2.33283E+02 2.15930E-03 8.04326E-01 3.21845E+02
2.41327E+02 2.08429E-03 7.86525E-01 3.17620E+02
2.49371E+02 2.00847E-03 7.67922E-01 3.13056E+02
2.57415E+02 1.93260E-03 7.48697E-01 3.08183E+02
2.65460E+02 1.85684E-03 7.28890E-01 3.03005E+02
2.73504E+02 1.78108E-03 7.08475E-01 2.97503E+02
2.81548E+02 1.70574E-03 6.87568E-01 2.91701E+02
2.89592E+02 1.63107E-03 6.66245E-01 2.85611E+02
2.97637E+02 1.55698E-03 6.44493E-01 2.79224E+02
3.05681E+02 1.48395E-03 6.22463E-01 2.72578E+02
3.13725E+02 1.41202E-03 6.00187E-01 2.65680E+02
3.21769E+02 1.34120E-03 5.77686E-01 2.58530E+02
3.29814E+02 1.27183E-03 5.55084E-01 2.51166E+02
3.37858E+02 1.20406E-03 5.32462E-01 2.43614E+02
3.45902E+02 1.13790E-03 5.09844E-01 2.35881E+02
3.53946E+02 1.07345E-03 4.87290E-01 2.27989E+02
3.61990E+02 1.01095E-03 4.64921E-01 2.19982E+02
3.70035E+02 9.50290E-04 4.42719E-01 2.11856E+02
3.78079E+02 8.91629E-04 4.20778E-01 2.03649E+02
3.86123E+02 8.35056E-04 3.99163E-01 1.95390E+02
3.94167E+02 7.80513E-04 3.77884E-01 1.87088E+02
4.02212E+02 7.28277E-04 3.57086E-01 1.78807E+02
4.10256E+02 6.78217E-04 3.36751E-01 1.70547E+02
4.18300E+02 6.30258E-04 3.16885E-01 1.62317E+02
4.26344E+02 5.84625E-04 2.97614E-01 1.54179E+02
4.34389E+02 5.41210E-04 2.78931E-01 1.46138E+02
4.42433E+02 5.00023E-04 2.60876E-01 1.38223E+02
4.50477E+02 4.60916E-04 2.43418E-01 1.30430E+02
4.58521E+02 4.24022E-04 2.26651E-01 1.22809E+02
4.66566E+02 3.89267E-04 2.10577E-01 1.15375E+02
4.74610E+02 3.56577E-04 1.95194E-01 1.08137E+02
4.82654E+02 3.25915E-04 1.80520E-01 1.01113E+02
4.90698E+02 2.97259E-04 1.66575E-01 9.43270E+01
4.98742E+02 2.70455E-04 1.53316E-01 8.77681E+01
5.06787E+02 2.45465E-04 1.40753E-01 8.14524E+01
5.14831E+02 2.22300E-04 1.28921E-01 7.54090E+01
5.22875E+02 2.00792E-04 1.17763E-01 6.96201E+01
5.30919E+02 1.80937E-04 1.07302E-01 6.41089E+01
5.38964E+02 1.62587E-04 9.74872E-02 5.88588E+01
5.47008E+02 1.45738E-04 8.83392E-02 5.38920E+01
5.55052E+02 1.30244E-04 7.98027E-02 4.91885E+01
5.63096E+02 1.16078E-04 7.18834E-02 4.47614E+01
5.71141E+02 1.03154E-04 6.45551E-02 4.06058E+01
5.79185E+02 9.13615E-05 5.77731E-02 3.67055E+01
5.87229E+02 8.06409E-05 5.15214E-02 3.30598E+01
5.95273E+02 7.09547E-05 4.57950E-02 2.96743E+01
6.03317E+02 6.21825E-05 4.05384E-02 2.65243E+01
6.11362E+02 5.43202E-05 3.57638E-02 2.36248E+01
6.19406E+02 4.72389E-05 3.14067E-02 2.09438E+01
6.27450E+02 4.08703E-05 2.74368E-02 1.84691E+01
6.35494E+02 3.52111E-05 2.38635E-02 1.62129E+01
6.43539E+02 3.01834E-05 2.06485E-02 1.41570E+01
6.51583E+02 2.57171E-05 1.77566E-02 1.22845E+01
6.59627E+02 2.17840E-05 1.51783E-02 1.05943E+01
6.67671E+02 1.83261E-05 1.28838E-02 9.07171E+00
6.75716E+02 1.52926E-05 1.08464E-02 7.70344E+00
6.83760E+02 1.26454E-05 9.04731E-03 6.48066E+00
6.91804E+02 1.03569E-05 7.47360E-03 5.39843E+00
6.99848E+02 8.38572E-06 6.10220E-03 4.44433E+00
7.07893E+02 6.69127E-06 4.90974E-03 3.60513E+00
7.15937E+02 5.25755E-06 3.88922E-03 2.87873E+00
7.23981E+02 4.04744E-06 3.01815E-03 2.25169E+00
7.32025E+02 3.04358E-06 2.28747E-03 1.71985E+00
7.40069E+02 2.21648E-06 1.67880E-03 1.27192E+00
7.48114E+02 1.55023E-06 1.18314E-03 9.03160E-01
7.56158E+02 1.02735E-06 7.89936E-04 6.07473E-01
7.64202E+02 6.28340E-07 4.86680E-04 3.76994E-01
7.72246E+02 3.39324E-07 2.64714E-04 2.06520E-01
7.80291E+02 1.45200E-07 1.14077E-04 8.96275E-02
7.88335E+02 3.63100E-08 2.87239E-05 2.27228E-02
7.96379E+02 0.00000E+00 0.00000E+00 0.00000E+00
