100 2
0.00000E+00 3.35380E-03 1.00001E+00 3.64627E+02
8.18431E+00 3.35288E-03 1.00001E+00 3.64627E+02
1.63686E+01 3.34728E-03 9.99936E-01 3.64626E+02
2.45529E+01 3.33974E-03 9.99779E-01 3.64623E+02
3.27372E+01 3.32766E-03 9.99428E-01 3.64612E+02
4.09215E+01 3.31393E-03 9.98920E-01 3.64593E+02
4.91058E+01 3.29534E-03 9.98079E-01 3.64555E+02
5.72902E+01 3.27519E-03 9.97006E-01 3.64498E+02
6.54745E+01 3.25025E-03 9.95472E-01 3.64404E+02
7.36588E+01 3.22354E-03 9.93612E-01 3.64274E+02
8.18431E+01 3.19267E-03 9.91207E-01 3.64086E+02
9.00274E+01 3.15975E-03 9.88375E-01 3.63843E+02
9.82117E+01 3.12283E-03 9.84896E-01 3.63515E+02
1.06396E+02 3.08405E-03 9.80927E-01 3.63108E+02
1.14580E+02 3.04140E-03 9.76211E-01 3.62586E+02
1.22765E+02 2.99729E-03 9.70974E-01 3.61964E+02
1.30949E+02 2.94894E-03 9.64840E-01 3.61186E+02
1.39133E+02 2.89938E-03 9.58145E-01 3.60281E+02
1.47318E+02 2.84614E-03 9.50522E-01 3.59189E+02
1.55502E+02 2.79068E-03 9.42120E-01 3.57916E+02
1.63686E+02 2.73359E-03 9.33010E-01 3.56462E+02
1.71870E+02 2.67344E-03 9.22915E-01 3.54768E+02
1.80055E+02 2.61212E-03 9.12124E-01 3.52868E+02
1.88239E+02 2.54871E-03 9.00448E-01 3.50718E+02
1.96423E+02 2.48262E-03 8.87737E-01 3.48273E+02
2.04608E+02 2.41586E-03 8.74345E-01 3.45586E+02
2.12792E+02 2.34792E-03 8.60166E-01 3.42627E+02
2.20976E+02 2.27811E-03 8.45027E-01 3.39343E+02
2.29161E+02 2.20748E-03 8.29131E-01 3.35765E+02
2.37345E+02 2.13580E-03 8.12413E-01 3.31866E+02
2.45529E+02 2.06324E-03 7.94897E-01 3.27637E+02
2.53714E+02 1.99005E-03 7.76626E-01 3.23075E+02
2.61898E+02 1.91688E-03 7.57762E-01 3.18211E+02
2.70082E+02 1.84342E-03 7.38221E-01 3.13013E+02
2.78266E+02 1.76997E-03 7.18083E-01 3.07492E+02
2.86451E+02 1.69672E-03 6.97402E-01 3.01652E+02
2.94635E+02 1.62389E-03 6.76242E-01 2.95504E+02
3.02819E+02 1.55170E-03 6.54677E-01 2.89062E+02
3.11004E+02 1.48023E-03 6.32742E-01 2.82329E+02
3.19188E+02 1.40978E-03 6.10546E-01 2.75335E+02
3.27372E+02 1.34027E-03 5.88076E-01 2.68071E+02
3.35557E+02 1.27210E-03 5.65481E-01 2.60582E+02
3.43741E+02 1.20518E-03 5.42751E-01 2.52861E+02
3.51925E+02 1.13981E-03 5.20015E-01 2.44953E+02
3.60110E+02 1.07612E-03 4.97343E-01 2.36882E+02
3.68294E+02 1.01404E-03 4.74734E-01 2.28648E+02
3.76478E+02 9.53726E-04 4.52275E-01 2.20284E+02
3.84662E+02 8.95454E-04 4.30100E-01 2.11845E+02
3.92847E+02 8.39068E-04 4.08181E-01 2.03324E+02
4.01031E+02 7.84768E-04 3.86629E-01 1.94770E+02
4.09215E+02 7.32522E-04 3.65464E-01 1.86196E+02
4.17400E+02 6.82404E-04 3.44751E-01 1.77635E+02
4.25584E+02 6.34454E-04 3.24542E-01 1.69118E+02
4.33768E+02 5.88702E-04 3.04885E-01 1.60672E+02
4.41953E+02 5.45118E-04 2.85803E-01 1.52317E+02
4.50137E+02 5.03674E-04 2.67318E-01 1.44073E+02
4.58321E+02 4.64451E-04 2.49504E-01 1.35981E+02
4.66506E+02 4.27275E-04 2.32314E-01 1.28033E+02
4.74690E+02 3.92297E-04 2.15855E-01 1.20287E+02
4.82874E+02 3.59371E-04 2.00091E-01 1.12741E+02
4.91058E+02 3.28469E-04 1.85045E-01 1.05414E+02
4.99243E+02 2.99547E-04 1.70725E-01 9.83238E+01
5.07427E+02 2.72511E-04 1.57118E-01 9.14754E+01
5.15611E+02 2.47366E-04 1.44257E-01 8.48975E+01
5.23796E+02 2.23938E-04 1.32083E-01 7.85712E+01
5.31980E+02 2.02243E-04 1.20632E-01 7.25267E+01
5.40164E+02 1.82135E-04 1.09854E-01 6.67495E+01
5.48349E+02 1.63620E-04 9.97779E-02 6.12659E+01
5.56533E+02 1.46609E-04 9.03810E-02 5.60751E+01
5.64717E+02 1.30972E-04 8.16157E-02 5.11615E+01
5.72902E+02 1.16652E-04 7.34715E-02 4.65293E+01
5.81086E+02 1.03597E-04 6.59392E-02 4.21836E+01
5.89270E+02 9.17103E-05 5.89841E-02 3.81140E+01
5.97455E+02 8.09286E-05 5.25874E-02 3.43188E+01
6.05639E+02 7.11396E-05 4.66995E-02 3.07772E+01
6.13823E+02 6.23395E-05 4.13344E-02 2.75064E+01
6.22007E+02 5.43804E-05 3.64170E-02 2.44681E+01
6.30192E+02 4.72660E-05 3.19632E-02 2.16799E+01
6.38376E+02 4.08659E-05 2.79042E-02 1.91057E+01
6.46560E+02 3.51908E-05 2.42586E-02 1.67637E+01
6.54745E+02 3.01254E-05 2.09632E-02 1.46197E+01
6.62929E+02 2.56562E-05 1.80190E-02 1.26802E+01
6.71113E+02 2.17149E-05 1.53904E-02 1.09271E+01
6.79298E+02 1.82421E-05 1.30459E-02 9.34430E+00
6.87482E+02 1.52100E-05 1.09741E-02 7.92859E+00
6.95666E+02 1.25631E-05 9.14381E-03 6.66298E+00
7.03851E+02 1.02773E-05 7.54453E-03 5.54401E+00
7.12035E+02 8.31148E-06 6.15303E-03 4.55903E+00
7.20219E+02 6.63270E-06 4.95101E-03 3.69836E+00
7.28403E+02 5.20146E-06 3.91453E-03 2.94775E+00
7.36588E+02 3.99938E-06 3.03414E-03 2.30296E+00
7.44772E+02 3.00584E-06 2.29836E-03 1.75807E+00
7.52956E+02 2.19076E-06 1.68810E-03 1.30115E+00
7.61141E+02 1.53130E-06 1.18897E-03 9.23360E-01
7.69325E+02 1.01479E-06 7.93808E-04 6.21041E-01
7.77509E+02 6.19963E-07 4.88531E-04 3.84998E-01
7.85694E+02 3.33651E-07 2.64818E-04 2.10196E-01
7.93878E+02 1.42779E-07 1.14127E-04 9.12273E-02
8.02062E+02 3.56440E-08 2.86878E-05 2.30894E-02
8.10247E+02 0.00000E+00 0.00000E+00 0.00000E+00
