100 2
0.00000E+00 3.40522E-03 1.00001E+00 3.60018E+02
8.11552E+00 3.40420E-03 1.00001E+00 3.60018E+02
1.62310E+01 3.39852E-03 9.99936E-01 3.60017E+02
2.43466E+01 3.39071E-03 9.99776E-01 3.60013E+02
3.24621E+01 3.37829E-03 9.99422E-01 3.60003E+02
4.05776E+01 3.36356E-03 9.98883E-01 3.59984E+02
4.86931E+01 3.34436E-03 9.98025E-01 3.59945E+02
5.68086E+01 3.32285E-03 9.96889E-01 3.59885E+02
6.49242E+01 3.29701E-03 9.95313E-01 3.59789E+02
7.30397E+01 3.26914E-03 9.93389E-01 3.59656E+02
8.11552E+01 3.23718E-03 9.90924E-01 3.59465E+02
8.92707E+01 3.20316E-03 9.88026E-01 3.59218E+02
9.73862E+01 3.16442E-03 9.84411E-01 3.58881E+02
1.05502E+02 3.12398E-03 9.80307E-01 3.58464E+02
1.13617E+02 3.07958E-03 9.75443E-01 3.57931E+02
1.21733E+02 3.03329E-03 9.69993E-01 3.57289E+02
1.29848E+02 2.98385E-03 9.63775E-01 3.56507E+02
1.37964E+02 2.93107E-03 9.56703E-01 3.55559E+02
1.46079E+02 2.87707E-03 9.49033E-01 3.54469E+02
1.54195E+02 2.81954E-03 9.40392E-01 3.53171E+02
1.62310E+02 2.76061E-03 9.31064E-01 3.51694E+02
1.70426E+02 2.69901E-03 9.20817E-01 3.49989E+02
1.78541E+02 2.63512E-03 9.09667E-01 3.48043E+02
1.86657E+02 2.57012E-03 8.97797E-01 3.45875E+02
1.94772E+02 2.50305E-03 8.85007E-01 3.43436E+02
2.02888E+02 2.43379E-03 8.71235E-01 3.40697E+02
2.11004E+02 2.36376E-03 8.56741E-01 3.37696E+02
2.19119E+02 2.29231E-03 8.41372E-01 3.34390E+02
2.27235E+02 2.22021E-03 8.25278E-01 3.30797E+02
2.35350E+02 2.14700E-03 8.08343E-01 3.26880E+02
2.43466E+02 2.07328E-03 7.90694E-01 3.22654E+02
2.51581E+02 1.99898E-03 7.72302E-01 3.18101E+02
2.59697E+02 1.92451E-03 7.53264E-01 3.13234E+02
2.67812E+02 1.84980E-03 7.33560E-01 3.08036E+02
2.75928E+02 1.77529E-03 7.13302E-01 3.02528E+02
2.84043E+02 1.70097E-03 6.92494E-01 2.96702E+02
2.92159E+02 1.62725E-03 6.71258E-01 2.90584E+02
3.00274E+02 1.55415E-03 6.49604E-01 2.84169E+02
3.08390E+02 1.48181E-03 6.27590E-01 2.77469E+02
3.16505E+02 1.41061E-03 6.05344E-01 2.70518E+02
3.24621E+02 1.34053E-03 5.82880E-01 2.63317E+02
3.32736E+02 1.27185E-03 5.60307E-01 2.55898E+02
3.40852E+02 1.20451E-03 5.37629E-01 2.48260E+02
3.48967E+02 1.13877E-03 5.14954E-01 2.40440E+02
3.57083E+02 1.07464E-03 4.92316E-01 2.32448E+02
3.65198E+02 1.01223E-03 4.69778E-01 2.24309E+02
3.73314E+02 9.51955E-04 4.47523E-01 2.16091E+02
3.81429E+02 8.93389E-04 4.25424E-01 2.07751E+02
3.89545E+02 8.36914E-04 4.03655E-01 1.99360E+02
3.97660E+02 7.82555E-04 3.82260E-01 1.90939E+02
4.05776E+02 7.30315E-04 3.61276E-01 1.82510E+02
4.13891E+02 6.80186E-04 3.40733E-01 1.74091E+02
4.22007E+02 6.32319E-04 3.20729E-01 1.65730E+02
4.30123E+02 5.86648E-04 3.01271E-01 1.57441E+02
4.38238E+02 5.43078E-04 2.82356E-01 1.49229E+02
4.46354E+02 5.01803E-04 2.64102E-01 1.41156E+02
4.54469E+02 4.62633E-04 2.46461E-01 1.33210E+02
4.62585E+02 4.25608E-04 2.29486E-01 1.25427E+02
4.70700E+02 3.90725E-04 2.13209E-01 1.17832E+02
4.78816E+02 3.57952E-04 1.97651E-01 1.10447E+02
4.86931E+02 3.27169E-04 1.82788E-01 1.03270E+02
4.95047E+02 2.98351E-04 1.68641E-01 9.63244E+01
5.03162E+02 2.71414E-04 1.55197E-01 8.96153E+01
5.11278E+02 2.46370E-04 1.42496E-01 8.31733E+01
5.19393E+02 2.23054E-04 1.30481E-01 7.69824E+01
5.27509E+02 2.01470E-04 1.19184E-01 7.10693E+01
5.35624E+02 1.81512E-04 1.08576E-01 6.54311E+01
5.43740E+02 1.63078E-04 9.86288E-02 6.00629E+01
5.51855E+02 1.46103E-04 8.93309E-02 5.49699E+01
5.59971E+02 1.30586E-04 8.07055E-02 5.01753E+01
5.68086E+02 1.16324E-04 7.26619E-02 4.56388E+01
5.76202E+02 1.03356E-04 6.52432E-02 4.13946E+01
5.84317E+02 9.15226E-05 5.83776E-02 3.74112E+01
5.92433E+02 8.07874E-05 5.20620E-02 3.36957E+01
6.00548E+02 7.10376E-05 4.62471E-02 3.02275E+01
6.08664E+02 6.22347E-05 4.09254E-02 2.70103E+01
6.16779E+02 5.43343E-05 3.60852E-02 2.40448E+01
6.24895E+02 4.72354E-05 3.16785E-02 2.13093E+01
6.33011E+02 4.08768E-05 2.76798E-02 1.87946E+01
6.41126E+02 3.51960E-05 2.40612E-02 1.64896E+01
6.49242E+02 3.01531E-05 2.08080E-02 1.43909E+01
6.57357E+02 2.56832E-05 1.78882E-02 1.24836E+01
6.65473E+02 2.17391E-05 1.52797E-02 1.07585E+01
6.73588E+02 1.82836E-05 1.29665E-02 9.20997E+00
6.81704E+02 1.52493E-05 1.09107E-02 7.81704E+00
6.89819E+02 1.26001E-05 9.09424E-03 6.57157E+00
6.97935E+02 1.03197E-05 7.51216E-03 5.47395E+00
7.06050E+02 8.33940E-06 6.12221E-03 4.49836E+00
7.14166E+02 6.65401E-06 4.92555E-03 3.64871E+00
7.22281E+02 5.22450E-06 3.89899E-03 2.91150E+00
7.30397E+02 4.02588E-06 3.02853E-03 2.27936E+00
7.38512E+02 3.02351E-06 2.29248E-03 1.73886E+00
7.46628E+02 2.20348E-06 1.68368E-03 1.28686E+00
7.54743E+02 1.54129E-06 1.18669E-03 9.13856E-01
7.62859E+02 1.02120E-06 7.92128E-04 6.14532E-01
7.70974E+02 6.24610E-07 4.88059E-04 3.81397E-01
7.79090E+02 3.37600E-07 2.65691E-04 2.09110E-01
7.87205E+02 1.44861E-07 1.14814E-04 9.10011E-02
7.95321E+02 3.58325E-08 2.85975E-05 2.28234E-02
8.03436E+02 0.00000E+00 0.00000E+00 0.00000E+00
