100 2
0.00000E+00 3.57346E-03 1.00001E+00 3.45608E+02
7.89249E+00 3.57302E-03 1.00001E+00 3.45608E+02
1.57850E+01 3.56556E-03 9.99922E-01 3.45607E+02
2.36775E+01 3.55694E-03 9.99747E-01 3.45604E+02
3.15700E+01 3.54237E-03 9.99344E-01 3.45592E+02
3.94624E+01 3.52554E-03 9.98741E-01 3.45571E+02
4.73549E+01 3.50365E-03 9.97790E-01 3.45529E+02
5.52474E+01 3.47892E-03 9.96515E-01 3.45463E+02
6.31399E+01 3.45023E-03 9.94817E-01 3.45363E+02
7.10324E+01 3.41742E-03 9.92609E-01 3.45214E+02
7.89249E+01 3.38243E-03 9.89986E-01 3.45017E+02
8.68174E+01 3.34219E-03 9.86649E-01 3.44740E+02
9.47099E+01 3.30050E-03 9.82864E-01 3.44396E+02
1.02602E+02 3.25321E-03 9.78199E-01 3.43936E+02
1.10495E+02 3.20439E-03 9.72992E-01 3.43380E+02
1.18387E+02 3.15238E-03 9.67043E-01 3.42700E+02
1.26280E+02 3.09598E-03 9.60137E-01 3.41854E+02
1.34172E+02 3.03975E-03 9.52812E-01 3.40899E+02
1.42065E+02 2.97790E-03 9.44272E-01 3.39720E+02
1.49957E+02 2.91501E-03 9.35084E-01 3.38377E+02
1.57850E+02 2.85027E-03 9.25120E-01 3.36843E+02
1.65742E+02 2.78237E-03 9.14136E-01 3.35066E+02
1.73635E+02 2.71239E-03 9.02260E-01 3.33050E+02
1.81527E+02 2.64093E-03 8.89564E-01 3.30794E+02
1.89420E+02 2.56842E-03 8.76113E-01 3.28298E+02
1.97312E+02 2.49434E-03 8.61788E-01 3.25528E+02
2.05205E+02 2.41870E-03 8.46565E-01 3.22464E+02
2.13097E+02 2.34207E-03 8.30538E-01 3.19111E+02
2.20990E+02 2.26472E-03 8.13748E-01 3.15467E+02
2.28882E+02 2.18675E-03 7.96209E-01 3.11521E+02
2.36775E+02 2.10837E-03 7.77960E-01 3.07271E+02
2.44667E+02 2.02974E-03 7.59031E-01 3.02714E+02
2.52560E+02 1.95121E-03 7.39506E-01 2.97859E+02
2.60452E+02 1.87282E-03 7.19398E-01 2.92701E+02
2.68345E+02 1.79471E-03 6.98747E-01 2.87241E+02
2.76237E+02 1.71729E-03 6.77668E-01 2.81501E+02
2.84130E+02 1.64051E-03 6.56155E-01 2.75473E+02
2.92022E+02 1.56463E-03 6.34296E-01 2.69176E+02
2.99915E+02 1.48990E-03 6.12178E-01 2.62629E+02
3.07807E+02 1.41635E-03 5.89832E-01 2.55839E+02
3.15700E+02 1.34413E-03 5.67317E-01 2.48820E+02
3.23592E+02 1.27361E-03 5.44777E-01 2.41615E+02
3.31485E+02 1.20468E-03 5.22201E-01 2.34220E+02
3.39377E+02 1.13770E-03 4.99735E-01 2.26685E+02
3.47269E+02 1.07252E-03 4.77359E-01 2.19003E+02
3.55162E+02 1.00922E-03 4.55128E-01 2.11195E+02
3.63054E+02 9.48092E-04 4.33178E-01 2.03313E+02
3.70947E+02 8.89094E-04 4.11527E-01 1.95368E+02
3.78839E+02 8.32125E-04 3.90172E-01 1.87362E+02
3.86732E+02 7.77488E-04 3.69259E-01 1.79357E+02
3.94624E+02 7.25084E-04 3.48788E-01 1.71360E+02
4.02517E+02 6.74862E-04 3.28772E-01 1.63382E+02
4.10409E+02 6.27041E-04 3.09336E-01 1.55483E+02
4.18302E+02 5.81485E-04 2.90462E-01 1.47663E+02
4.26194E+02 5.38120E-04 2.72152E-01 1.39932E+02
4.34087E+02 4.96892E-04 2.54420E-01 1.32305E+02
4.41979E+02 4.58120E-04 2.37437E-01 1.24866E+02
4.49872E+02 4.21340E-04 2.21037E-01 1.17553E+02
4.57764E+02 3.86831E-04 2.05378E-01 1.10447E+02
4.65657E+02 3.54334E-04 1.90374E-01 1.03520E+02
4.73549E+02 3.23922E-04 1.76094E-01 9.68147E+01
4.81442E+02 2.95492E-04 1.62521E-01 9.03340E+01
4.89334E+02 2.68856E-04 1.49594E-01 8.40600E+01
4.97227E+02 2.44073E-04 1.37370E-01 7.80308E+01
5.05119E+02 2.21056E-04 1.25835E-01 7.22504E+01
5.13012E+02 1.99783E-04 1.15007E-01 6.67385E+01
5.20904E+02 1.80043E-04 1.04804E-01 6.14642E+01
5.28797E+02 1.61854E-04 9.52577E-02 5.64544E+01
5.36689E+02 1.45167E-04 8.63686E-02 5.17192E+01
5.44582E+02 1.29828E-04 7.80770E-02 4.72369E+01
5.52474E+02 1.15760E-04 7.03611E-02 4.30050E+01
5.60367E+02 1.02903E-04 6.32080E-02 3.90252E+01
5.68259E+02 9.11807E-05 5.65938E-02 3.52931E+01
5.76152E+02 8.05482E-05 5.05103E-02 3.18123E+01
5.84044E+02 7.09118E-05 4.49207E-02 2.85700E+01
5.91937E+02 6.22148E-05 3.98074E-02 2.55636E+01
5.99829E+02 5.43828E-05 3.51409E-02 2.27832E+01
6.07722E+02 4.73301E-05 3.08833E-02 2.02128E+01
6.15614E+02 4.10010E-05 2.70124E-02 1.78454E+01
6.23507E+02 3.53578E-05 2.35165E-02 1.56797E+01
6.31399E+02 3.03292E-05 2.03617E-02 1.37004E+01
6.39292E+02 2.58702E-05 1.75290E-02 1.19008E+01
6.47184E+02 2.19241E-05 1.49910E-02 1.02684E+01
6.55077E+02 1.84564E-05 1.27333E-02 8.79849E+00
6.62969E+02 1.54151E-05 1.07292E-02 7.47789E+00
6.70861E+02 1.27653E-05 8.96219E-03 6.29957E+00
6.78754E+02 1.04648E-05 7.41003E-03 5.25229E+00
6.86646E+02 8.47877E-06 6.05433E-03 4.32687E+00
6.94539E+02 6.77570E-06 4.87838E-03 3.51489E+00
7.02431E+02 5.32786E-06 3.86725E-03 2.80873E+00
7.10324E+02 4.10825E-06 3.00589E-03 2.20038E+00
7.18216E+02 3.09150E-06 2.27979E-03 1.68184E+00
7.26109E+02 2.25517E-06 1.67593E-03 1.24583E+00
7.34001E+02 1.58107E-06 1.18391E-03 8.86696E-01
7.41894E+02 1.04836E-06 7.90882E-04 5.96728E-01
7.49786E+02 6.41740E-07 4.87683E-04 3.70644E-01
7.57679E+02 3.46701E-07 2.65368E-04 2.03126E-01
7.65571E+02 1.48661E-07 1.14593E-04 8.83341E-02
7.73464E+02 3.69712E-08 2.86957E-05 2.22727E-02
7.81356E+02 0.00000E+00 0.00000E+00 0.00000E+00
