100 2
0.00000E+00 3.51039E-03 1.00001E+00 3.51008E+02
7.97761E+00 3.50721E-03 1.00000E+00 3.51008E+02
1.59552E+01 3.50282E-03 9.99946E-01 3.51008E+02
2.39328E+01 3.49219E-03 9.99733E-01 3.51003E+02
3.19104E+01 3.48045E-03 9.99402E-01 3.50994E+02
3.98881E+01 3.46264E-03 9.98762E-01 3.50971E+02
4.78657E+01 3.44375E-03 9.97930E-01 3.50934E+02
5.58433E+01 3.41880E-03 9.96638E-01 3.50867E+02
6.38209E+01 3.39200E-03 9.95030E-01 3.50770E+02
7.17985E+01 3.36002E-03 9.92861E-01 3.50623E+02
7.97761E+01 3.32619E-03 9.90288E-01 3.50427E+02
8.77537E+01 3.28874E-03 9.87151E-01 3.50164E+02
9.57313E+01 3.24748E-03 9.83360E-01 3.49816E+02
1.03709E+02 3.20385E-03 9.79008E-01 3.49381E+02
1.11687E+02 3.15607E-03 9.73858E-01 3.48826E+02
1.19664E+02 3.10728E-03 9.68214E-01 3.48173E+02
1.27642E+02 3.05270E-03 9.61464E-01 3.47338E+02
1.35619E+02 2.99765E-03 9.54211E-01 3.46382E+02
1.43597E+02 2.93939E-03 9.46078E-01 3.45246E+02
1.51575E+02 2.87807E-03 9.37025E-01 3.43909E+02
1.59552E+02 2.81563E-03 9.27308E-01 3.42397E+02
1.67530E+02 2.75044E-03 9.16650E-01 3.40654E+02
1.75507E+02 2.68244E-03 9.04984E-01 3.38652E+02
1.83485E+02 2.61349E-03 8.92603E-01 3.36429E+02
1.91463E+02 2.54348E-03 8.79478E-01 3.33968E+02
1.99440E+02 2.47120E-03 8.65354E-01 3.31207E+02
2.07418E+02 2.39766E-03 8.50397E-01 3.28164E+02
2.15396E+02 2.32308E-03 8.34631E-01 3.24831E+02
2.23373E+02 2.24760E-03 8.18071E-01 3.21198E+02
2.31351E+02 2.17111E-03 8.00681E-01 3.17244E+02
2.39328E+02 2.09459E-03 7.82672E-01 3.13005E+02
2.47306E+02 2.01763E-03 7.63946E-01 3.08448E+02
2.55284E+02 1.94063E-03 7.44596E-01 3.03585E+02
2.63261E+02 1.86357E-03 7.24617E-01 2.98405E+02
2.71239E+02 1.78693E-03 7.04134E-01 2.92931E+02
2.79216E+02 1.71057E-03 6.83120E-01 2.87147E+02
2.87194E+02 1.63492E-03 6.61697E-01 2.81079E+02
2.95172E+02 1.56010E-03 6.39910E-01 2.74735E+02
3.03149E+02 1.48629E-03 6.17828E-01 2.68129E+02
3.11127E+02 1.41364E-03 5.95518E-01 2.61277E+02
3.19104E+02 1.34227E-03 5.73027E-01 2.54189E+02
3.27082E+02 1.27241E-03 5.50458E-01 2.46897E+02
3.35060E+02 1.20420E-03 5.27876E-01 2.39421E+02
3.43037E+02 1.13749E-03 5.05259E-01 2.31753E+02
3.51015E+02 1.07288E-03 4.82839E-01 2.23973E+02
3.58993E+02 1.00996E-03 4.60506E-01 2.16045E+02
3.66970E+02 9.49063E-04 4.38402E-01 2.08022E+02
3.74948E+02 8.90269E-04 4.16593E-01 1.99932E+02
3.82925E+02 8.33551E-04 3.95102E-01 1.91788E+02
3.90903E+02 7.79038E-04 3.74012E-01 1.83628E+02
3.98881E+02 7.26751E-04 3.53366E-01 1.75476E+02
4.06858E+02 6.76608E-04 3.33167E-01 1.67339E+02
4.14836E+02 6.28701E-04 3.13487E-01 1.59254E+02
4.22813E+02 5.83083E-04 2.94382E-01 1.51253E+02
4.30791E+02 5.39678E-04 2.75858E-01 1.43347E+02
4.38769E+02 4.98585E-04 2.57994E-01 1.35580E+02
4.46746E+02 4.59628E-04 2.40747E-01 1.27945E+02
4.54724E+02 4.22767E-04 2.24134E-01 1.20458E+02
4.62701E+02 3.88057E-04 2.08213E-01 1.13155E+02
4.70679E+02 3.55506E-04 1.93023E-01 1.06066E+02
4.78657E+02 3.24976E-04 1.78533E-01 9.91890E+01
4.86634E+02 2.96345E-04 1.64716E-01 9.25208E+01
4.94612E+02 2.69646E-04 1.51619E-01 8.60952E+01
5.02590E+02 2.44762E-04 1.39212E-01 7.99100E+01
5.10567E+02 2.21710E-04 1.27536E-01 7.39952E+01
5.18545E+02 2.00290E-04 1.16516E-01 6.83253E+01
5.26522E+02 1.80484E-04 1.06167E-01 6.29184E+01
5.34500E+02 1.62214E-04 9.64756E-02 5.77773E+01
5.42478E+02 1.45399E-04 8.74217E-02 5.29022E+01
5.50455E+02 1.30010E-04 7.90130E-02 4.83075E+01
5.58433E+02 1.15913E-04 7.11981E-02 4.39750E+01
5.66410E+02 1.02990E-04 6.39306E-02 3.98880E+01
5.74388E+02 9.12347E-05 5.72259E-02 3.60639E+01
5.82366E+02 8.06071E-05 5.10798E-02 3.25095E+01
5.90343E+02 7.09325E-05 4.54078E-02 2.91841E+01
5.98321E+02 6.21806E-05 4.02069E-02 2.60933E+01
6.06298E+02 5.43096E-05 3.54665E-02 2.32384E+01
6.14276E+02 4.72453E-05 3.11557E-02 2.06078E+01
6.22254E+02 4.09069E-05 2.72373E-02 1.81853E+01
6.30231E+02 3.52684E-05 2.37066E-02 1.59745E+01
6.38209E+02 3.02474E-05 2.05226E-02 1.39553E+01
6.46187E+02 2.57740E-05 1.76501E-02 1.21108E+01
6.54164E+02 2.18363E-05 1.50901E-02 1.04466E+01
6.62142E+02 1.83775E-05 1.28140E-02 8.94867E+00
6.70119E+02 1.53394E-05 1.07905E-02 7.60093E+00
6.78097E+02 1.26928E-05 9.00667E-03 6.39856E+00
6.86075E+02 1.04016E-05 7.44404E-03 5.33285E+00
6.94052E+02 8.42157E-06 6.07794E-03 4.39029E+00
7.02030E+02 6.72823E-06 4.89612E-03 3.56546E+00
7.10007E+02 5.28999E-06 3.88089E-03 2.84882E+00
7.17985E+02 4.07593E-06 3.01423E-03 2.23015E+00
7.25963E+02 3.06391E-06 2.28373E-03 1.70285E+00
7.33940E+02 2.23549E-06 1.67915E-03 1.26163E+00
7.41918E+02 1.56667E-06 1.18572E-03 8.97599E-01
7.49895E+02 1.03855E-06 7.91898E-04 6.03916E-01
7.57873E+02 6.36657E-07 4.89011E-04 3.75641E-01
7.65851E+02 3.44400E-07 2.66434E-04 2.06130E-01
7.73828E+02 1.48969E-07 1.16057E-04 9.04184E-02
7.81806E+02 3.71388E-08 2.91349E-05 2.28561E-02
7.89784E+02 0.00000E+00 0.00000E+00 0.00000E+00
