100 2
0.00000E+00 3.45927E-03 1.00001E+00 3.55299E+02
8.04389E+00 3.45734E-03 1.00000E+00 3.55299E+02
1.60878E+01 3.45226E-03 9.99937E-01 3.55298E+02
2.41317E+01 3.44309E-03 9.99748E-01 3.55294E+02
3.21756E+01 3.43054E-03 9.99390E-01 3.55284E+02
4.02195E+01 3.41482E-03 9.98816E-01 3.55263E+02
4.82633E+01 3.39510E-03 9.97939E-01 3.55224E+02
5.63072E+01 3.37238E-03 9.96746E-01 3.55161E+02
6.43511E+01 3.34587E-03 9.95143E-01 3.55064E+02
7.23950E+01 3.31655E-03 9.93135E-01 3.54926E+02
8.04389E+01 3.28307E-03 9.90573E-01 3.54730E+02
8.84828E+01 3.24742E-03 9.87560E-01 3.54475E+02
9.65267E+01 3.20767E-03 9.83882E-01 3.54135E+02
1.04571E+02 3.16541E-03 9.79632E-01 3.53707E+02
1.12614E+02 3.11973E-03 9.74671E-01 3.53168E+02
1.20658E+02 3.07104E-03 9.68991E-01 3.52505E+02
1.28702E+02 3.01942E-03 9.62551E-01 3.51701E+02
1.36746E+02 2.96558E-03 9.55403E-01 3.50752E+02
1.44790E+02 2.90924E-03 9.47469E-01 3.49635E+02
1.52834E+02 2.85050E-03 9.38729E-01 3.48333E+02
1.60878E+02 2.78867E-03 9.29028E-01 3.46811E+02
1.68922E+02 2.72528E-03 9.18573E-01 3.45087E+02
1.76966E+02 2.66018E-03 9.07314E-01 3.43139E+02
1.85009E+02 2.59230E-03 8.95027E-01 3.40915E+02
1.93053E+02 2.52393E-03 8.82103E-01 3.38471E+02
2.01097E+02 2.45277E-03 8.68079E-01 3.35707E+02
2.09141E+02 2.38108E-03 8.53371E-01 3.32689E+02
2.17185E+02 2.30814E-03 8.37822E-01 3.29374E+02
2.25229E+02 2.23415E-03 8.21454E-01 3.25753E+02
2.33273E+02 2.15949E-03 8.04338E-01 3.21828E+02
2.41317E+02 2.08425E-03 7.86482E-01 3.17591E+02
2.49361E+02 2.00855E-03 7.67911E-01 3.13034E+02
2.57404E+02 1.93269E-03 7.48688E-01 3.08163E+02
2.65448E+02 1.85677E-03 7.28843E-01 3.02974E+02
2.73492E+02 1.78111E-03 7.08453E-01 2.97480E+02
2.81536E+02 1.70577E-03 6.87545E-01 2.91677E+02
2.89580E+02 1.63103E-03 6.66205E-01 2.85583E+02
2.97624E+02 1.55704E-03 6.44480E-01 2.79204E+02
3.05668E+02 1.48396E-03 6.22439E-01 2.72555E+02
3.13712E+02 1.41198E-03 6.00148E-01 2.65652E+02
3.21756E+02 1.34123E-03 5.77670E-01 2.58510E+02
3.29800E+02 1.27189E-03 5.55078E-01 2.51150E+02
3.37843E+02 1.20414E-03 5.32464E-01 2.43601E+02
3.45887E+02 1.13801E-03 5.09857E-01 2.35872E+02
3.53931E+02 1.07353E-03 4.87296E-01 2.27978E+02
3.61975E+02 1.01095E-03 4.64899E-01 2.19962E+02
3.70019E+02 9.50248E-04 4.42683E-01 2.11831E+02
3.78063E+02 8.91633E-04 4.20760E-01 2.03631E+02
3.86107E+02 8.35055E-04 3.99144E-01 1.95372E+02
3.94151E+02 7.80583E-04 3.77895E-01 1.87083E+02
4.02195E+02 7.28287E-04 3.57074E-01 1.78792E+02
4.10238E+02 6.78208E-04 3.36732E-01 1.70530E+02
4.18282E+02 6.30245E-04 3.16865E-01 1.62300E+02
4.26326E+02 5.84598E-04 2.97589E-01 1.54160E+02
4.34370E+02 5.41206E-04 2.78917E-01 1.46125E+02
4.42414E+02 5.00038E-04 2.60871E-01 1.38214E+02
4.50458E+02 4.60969E-04 2.43431E-01 1.30429E+02
4.58502E+02 4.23994E-04 2.26628E-01 1.22793E+02
4.66546E+02 3.89203E-04 2.10537E-01 1.15351E+02
4.74590E+02 3.56564E-04 1.95180E-01 1.08124E+02
4.82633E+02 3.25964E-04 1.80535E-01 1.01116E+02
4.90677E+02 2.97202E-04 1.66539E-01 9.43050E+01
4.98721E+02 2.70446E-04 1.53305E-01 8.77583E+01
5.06765E+02 2.45488E-04 1.40758E-01 8.14511E+01
5.14809E+02 2.22277E-04 1.28904E-01 7.53966E+01
5.22853E+02 2.00816E-04 1.17770E-01 6.96206E+01
5.30897E+02 1.80884E-04 1.07269E-01 6.40883E+01
5.38941E+02 1.62555E-04 9.74658E-02 5.88445E+01
5.46985E+02 1.45727E-04 8.83295E-02 5.38841E+01
5.55028E+02 1.30266E-04 7.98113E-02 4.91910E+01
5.63072E+02 1.16100E-04 7.18925E-02 4.47645E+01
5.71116E+02 1.03135E-04 6.45411E-02 4.05959E+01
5.79160E+02 9.13338E-05 5.77546E-02 3.66930E+01
5.87204E+02 8.06391E-05 5.15181E-02 3.30563E+01
5.95248E+02 7.09631E-05 4.57980E-02 2.96748E+01
6.03292E+02 6.21936E-05 4.05434E-02 2.65261E+01
6.11336E+02 5.43084E-05 3.57551E-02 2.36184E+01
6.19380E+02 4.72141E-05 3.13900E-02 2.09326E+01
6.27423E+02 4.08948E-05 2.74510E-02 1.84772E+01
6.35467E+02 3.52194E-05 2.38677E-02 1.62149E+01
6.43511E+02 3.01798E-05 2.06453E-02 1.41543E+01
6.51555E+02 2.57212E-05 1.77585E-02 1.22852E+01
6.59599E+02 2.17860E-05 1.51790E-02 1.05943E+01
6.67643E+02 1.83267E-05 1.28836E-02 9.07122E+00
6.75687E+02 1.52907E-05 1.08447E-02 7.70194E+00
6.83731E+02 1.26480E-05 9.04872E-03 6.48134E+00
6.91775E+02 1.03581E-05 7.47411E-03 5.39856E+00
6.99818E+02 8.38256E-06 6.09974E-03 4.44241E+00
7.07862E+02 6.69356E-06 4.91115E-03 3.60598E+00
7.15906E+02 5.25779E-06 3.88924E-03 2.87861E+00
7.23950E+02 4.04722E-06 3.01787E-03 2.25140E+00
7.31994E+02 3.04096E-06 2.28546E-03 1.71830E+00
7.40038E+02 2.21557E-06 1.67805E-03 1.27131E+00
7.48082E+02 1.55064E-06 1.18339E-03 9.03314E-01
7.56126E+02 1.02644E-06 7.89209E-04 6.06897E-01
7.64170E+02 6.28583E-07 4.86846E-04 3.77104E-01
7.72213E+02 3.39819E-07 2.65085E-04 2.06797E-01
7.80257E+02 1.45274E-07 1.14130E-04 8.96654E-02
7.88301E+02 3.65812E-08 2.89364E-05 2.28894E-02
7.96345E+02 0.00000E+00 0.00000E+00 0.00000E+00
