100 2
0.00000E+00 3.46511E-03 1.00001E+00 3.54827E+02
8.03666E+00 3.46262E-03 1.00000E+00 3.54827E+02
1.60733E+01 3.45782E-03 9.99939E-01 3.54826E+02
2.41100E+01 3.44838E-03 9.99745E-01 3.54822E+02
3.21466E+01 3.43674E-03 9.99415E-01 3.54813E+02
4.01833E+01 3.41994E-03 9.98806E-01 3.54791E+02
4.82199E+01 3.40079E-03 9.97957E-01 3.54753E+02
5.62566E+01 3.37700E-03 9.96710E-01 3.54687E+02
6.42933E+01 3.35145E-03 9.95166E-01 3.54594E+02
7.23299E+01 3.32066E-03 9.93060E-01 3.54450E+02
8.03666E+01 3.28866E-03 9.90613E-01 3.54262E+02
8.84032E+01 3.25143E-03 9.87472E-01 3.53997E+02
9.64399E+01 3.21203E-03 9.83826E-01 3.53660E+02
1.04477E+02 3.16925E-03 9.79528E-01 3.53228E+02
1.12513E+02 3.12362E-03 9.74573E-01 3.52689E+02
1.20550E+02 3.07517E-03 9.68928E-01 3.52031E+02
1.28587E+02 3.02295E-03 9.62419E-01 3.51220E+02
1.36623E+02 2.96966E-03 9.55351E-01 3.50282E+02
1.44660E+02 2.91206E-03 9.47250E-01 3.49142E+02
1.52696E+02 2.85318E-03 9.38491E-01 3.47839E+02
1.60733E+02 2.79202E-03 9.28907E-01 3.46337E+02
1.68770E+02 2.72758E-03 9.18288E-01 3.44587E+02
1.76806E+02 2.66226E-03 9.06997E-01 3.42634E+02
1.84843E+02 2.59507E-03 8.94847E-01 3.40437E+02
1.92880E+02 2.52590E-03 8.81784E-01 3.37970E+02
2.00916E+02 2.45467E-03 8.67759E-01 3.35208E+02
2.08953E+02 2.38256E-03 8.52976E-01 3.32177E+02
2.16990E+02 2.30961E-03 8.37438E-01 3.28867E+02
2.25026E+02 2.23542E-03 8.21038E-01 3.25241E+02
2.33063E+02 2.16065E-03 8.03911E-01 3.21318E+02
2.41100E+02 2.08544E-03 7.86079E-01 3.17089E+02
2.49136E+02 2.00951E-03 7.67468E-01 3.12527E+02
2.57173E+02 1.93356E-03 7.48242E-01 3.07660E+02
2.65210E+02 1.85750E-03 7.28375E-01 3.02470E+02
2.73246E+02 1.78173E-03 7.07975E-01 2.96978E+02
2.81283E+02 1.70631E-03 6.87064E-01 2.91180E+02
2.89320E+02 1.63141E-03 6.65696E-01 2.85083E+02
2.97356E+02 1.55727E-03 6.43947E-01 2.78703E+02
3.05393E+02 1.48410E-03 6.21896E-01 2.72057E+02
3.13430E+02 1.41210E-03 5.99620E-01 2.65164E+02
3.21466E+02 1.34143E-03 5.77186E-01 2.58042E+02
3.29503E+02 1.27192E-03 5.54565E-01 2.50680E+02
3.37540E+02 1.20404E-03 5.31926E-01 2.43129E+02
3.45576E+02 1.13785E-03 5.09317E-01 2.35406E+02
3.53613E+02 1.07341E-03 4.86791E-01 2.27532E+02
3.61650E+02 1.01077E-03 4.64391E-01 2.19521E+02
3.69686E+02 9.50014E-04 4.42175E-01 2.11397E+02
3.77723E+02 8.91496E-04 4.20308E-01 2.03225E+02
3.85760E+02 8.34871E-04 3.98693E-01 1.94975E+02
3.93796E+02 7.80302E-04 3.77425E-01 1.86685E+02
4.01833E+02 7.28126E-04 3.56670E-01 1.78428E+02
4.09869E+02 6.77992E-04 3.36325E-01 1.70172E+02
4.17906E+02 6.30117E-04 3.16511E-01 1.61972E+02
4.25943E+02 5.84437E-04 2.97239E-01 1.53841E+02
4.33979E+02 5.41036E-04 2.78580E-01 1.45818E+02
4.42016E+02 4.99735E-04 2.60491E-01 1.37896E+02
4.50053E+02 4.60665E-04 2.43066E-01 1.30124E+02
4.58089E+02 4.23899E-04 2.26372E-01 1.22544E+02
4.66126E+02 3.89191E-04 2.10335E-01 1.15134E+02
4.74163E+02 3.56459E-04 1.94948E-01 1.07900E+02
4.82199E+02 3.25819E-04 1.80298E-01 1.00895E+02
4.90236E+02 2.97119E-04 1.66345E-01 9.41113E+01
4.98273E+02 2.70341E-04 1.53111E-01 8.75710E+01
5.06309E+02 2.45396E-04 1.40582E-01 8.12784E+01
5.14346E+02 2.22225E-04 1.28759E-01 7.52450E+01
5.22383E+02 2.00739E-04 1.17622E-01 6.94727E+01
5.30419E+02 1.80896E-04 1.07178E-01 6.39752E+01
5.38456E+02 1.62523E-04 9.73600E-02 5.87286E+01
5.46493E+02 1.45660E-04 8.82130E-02 5.37668E+01
5.54529E+02 1.30231E-04 7.97199E-02 4.90917E+01
5.62566E+02 1.16027E-04 7.17869E-02 4.46611E+01
5.70603E+02 1.03149E-04 6.44911E-02 4.05278E+01
5.78639E+02 9.13552E-05 5.77153E-02 3.66347E+01
5.86676E+02 8.06259E-05 5.14645E-02 3.29929E+01
5.94713E+02 7.09463E-05 4.57474E-02 2.96162E+01
6.02749E+02 6.21935E-05 4.05073E-02 2.64791E+01
6.10786E+02 5.43159E-05 3.57280E-02 2.35794E+01
6.18823E+02 4.72195E-05 3.13657E-02 2.08977E+01
6.26859E+02 4.08818E-05 2.74187E-02 1.84396E+01
6.34896E+02 3.52117E-05 2.38419E-02 1.61833E+01
6.42933E+02 3.01859E-05 2.06311E-02 1.41320E+01
6.50969E+02 2.57256E-05 1.77458E-02 1.22655E+01
6.59006E+02 2.17926E-05 1.51700E-02 1.05786E+01
6.67043E+02 1.83318E-05 1.28757E-02 9.05761E+00
6.75079E+02 1.52974E-05 1.08398E-02 7.69153E+00
6.83116E+02 1.26533E-05 9.04441E-03 6.47247E+00
6.91152E+02 1.03622E-05 7.47041E-03 5.39108E+00
6.99189E+02 8.39149E-06 6.10064E-03 4.43900E+00
7.07226E+02 6.69883E-06 4.91058E-03 3.60230E+00
7.15262E+02 5.25913E-06 3.88679E-03 2.87425E+00
7.23299E+02 4.05067E-06 3.01771E-03 2.24925E+00
7.31336E+02 3.04433E-06 2.28591E-03 1.71708E+00
7.39372E+02 2.21956E-06 1.67953E-03 1.27126E+00
7.47409E+02 1.55463E-06 1.18533E-03 9.03947E-01
7.55446E+02 1.02964E-06 7.90927E-04 6.07649E-01
7.63482E+02 6.27502E-07 4.85589E-04 3.75805E-01
7.71519E+02 3.38693E-07 2.63981E-04 2.05760E-01
7.79556E+02 1.45195E-07 1.13967E-04 8.94573E-02
7.87592E+02 3.61189E-08 2.85464E-05 2.25617E-02
7.95629E+02 0.00000E+00 0.00000E+00 0.00000E+00
