100 2
0.00000E+00 3.36762E-03 1.00001E+00 3.63368E+02
8.16562E+00 3.36719E-03 1.00001E+00 3.63368E+02
1.63312E+01 3.36090E-03 9.99931E-01 3.63367E+02
2.44969E+01 3.35374E-03 9.99782E-01 3.63363E+02
3.26625E+01 3.34114E-03 9.99418E-01 3.63353E+02
4.08281E+01 3.32730E-03 9.98907E-01 3.63334E+02
4.89937E+01 3.30824E-03 9.98046E-01 3.63295E+02
5.71594E+01 3.28822E-03 9.96981E-01 3.63238E+02
6.53250E+01 3.26281E-03 9.95422E-01 3.63142E+02
7.34906E+01 3.23659E-03 9.93602E-01 3.63016E+02
8.16562E+01 3.20443E-03 9.91105E-01 3.62822E+02
8.98219E+01 3.17186E-03 9.88311E-01 3.62582E+02
9.79875E+01 3.13376E-03 9.84731E-01 3.62245E+02
1.06153E+02 3.09525E-03 9.80798E-01 3.61843E+02
1.14319E+02 3.05160E-03 9.75984E-01 3.61312E+02
1.22484E+02 3.00718E-03 9.70722E-01 3.60689E+02
1.30650E+02 2.95815E-03 9.64517E-01 3.59903E+02
1.38816E+02 2.90797E-03 9.57751E-01 3.58991E+02
1.46981E+02 2.85461E-03 9.50129E-01 3.57901E+02
1.55147E+02 2.79817E-03 9.41597E-01 3.56612E+02
1.63312E+02 2.74114E-03 9.32516E-01 3.55165E+02
1.71478E+02 2.68027E-03 9.22326E-01 3.53459E+02
1.79644E+02 2.61815E-03 9.11415E-01 3.51542E+02
1.87809E+02 2.55470E-03 8.99759E-01 3.49401E+02
1.95975E+02 2.48800E-03 8.86961E-01 3.46945E+02
2.04141E+02 2.42040E-03 8.73431E-01 3.44236E+02
2.12306E+02 2.35200E-03 8.59185E-01 3.41269E+02
2.20472E+02 2.28226E-03 8.44096E-01 3.38004E+02
2.28637E+02 2.21111E-03 8.28122E-01 3.34417E+02
2.36803E+02 2.13896E-03 8.11333E-01 3.30510E+02
2.44969E+02 2.06583E-03 7.93717E-01 3.26266E+02
2.53134E+02 1.99254E-03 7.75465E-01 3.21720E+02
2.61300E+02 1.91907E-03 7.56566E-01 3.16858E+02
2.69466E+02 1.84511E-03 7.36938E-01 3.11649E+02
2.77631E+02 1.77138E-03 7.16772E-01 3.06132E+02
2.85797E+02 1.69778E-03 6.96036E-01 3.00290E+02
2.93962E+02 1.62477E-03 6.74873E-01 2.94155E+02
3.02128E+02 1.55235E-03 6.53290E-01 2.87722E+02
3.10294E+02 1.48063E-03 6.31330E-01 2.80998E+02
3.18459E+02 1.40993E-03 6.09104E-01 2.74010E+02
3.26625E+02 1.34037E-03 5.86669E-01 2.66774E+02
3.34791E+02 1.27193E-03 5.64036E-01 2.59289E+02
3.42956E+02 1.20501E-03 5.41359E-01 2.51604E+02
3.51122E+02 1.13949E-03 5.18622E-01 2.43714E+02
3.59287E+02 1.07564E-03 4.95943E-01 2.35658E+02
3.67453E+02 1.01358E-03 4.73393E-01 2.27464E+02
3.75619E+02 9.53182E-04 4.50956E-01 2.19128E+02
3.83784E+02 8.94913E-04 4.28832E-01 2.10728E+02
3.91950E+02 8.38469E-04 4.06941E-01 2.02238E+02
4.00116E+02 7.84123E-04 3.85420E-01 1.93715E+02
4.08281E+02 7.31879E-04 3.64304E-01 1.85180E+02
4.16447E+02 6.81818E-04 3.43662E-01 1.76669E+02
4.24612E+02 6.33822E-04 3.23480E-01 1.68182E+02
4.32778E+02 5.88118E-04 3.03888E-01 1.59783E+02
4.40944E+02 5.44479E-04 2.84826E-01 1.51456E+02
4.49109E+02 5.03114E-04 2.66418E-01 1.43264E+02
4.57275E+02 4.63890E-04 2.48643E-01 1.35209E+02
4.65441E+02 4.26811E-04 2.31538E-01 1.27318E+02
4.73606E+02 3.91887E-04 2.15141E-01 1.19620E+02
4.81772E+02 3.58968E-04 1.99418E-01 1.12109E+02
4.89937E+02 3.28147E-04 1.84444E-01 1.04835E+02
4.98103E+02 2.99249E-04 1.70170E-01 9.77837E+01
5.06269E+02 2.72184E-04 1.56580E-01 9.09593E+01
5.14434E+02 2.47060E-04 1.43759E-01 8.44167E+01
5.22600E+02 2.23678E-04 1.31636E-01 7.81314E+01
5.30766E+02 2.01995E-04 1.20217E-01 7.21177E+01
5.38931E+02 1.81937E-04 1.09490E-01 6.63808E+01
5.47097E+02 1.63477E-04 9.94668E-02 6.09382E+01
5.55262E+02 1.46475E-04 9.00969E-02 5.57742E+01
5.63428E+02 1.30863E-04 8.13653E-02 5.08906E+01
5.71594E+02 1.16576E-04 7.32580E-02 4.62901E+01
5.79759E+02 1.03543E-04 6.57561E-02 4.19718E+01
5.87925E+02 9.16759E-05 5.88287E-02 3.79277E+01
5.96091E+02 8.08672E-05 5.24306E-02 3.41404E+01
6.04256E+02 7.11176E-05 4.65798E-02 3.06292E+01
6.12422E+02 6.22953E-05 4.12134E-02 2.73650E+01
6.20587E+02 5.43742E-05 3.63306E-02 2.43550E+01
6.28753E+02 4.72375E-05 3.18731E-02 2.15708E+01
6.36919E+02 4.08747E-05 2.78469E-02 1.90232E+01
6.45084E+02 3.51899E-05 2.42034E-02 1.66879E+01
6.53250E+02 3.01355E-05 2.09227E-02 1.45584E+01
6.61416E+02 2.56679E-05 1.79864E-02 1.26285E+01
6.69581E+02 2.17224E-05 1.53610E-02 1.08816E+01
6.77747E+02 1.82524E-05 1.30237E-02 9.30725E+00
6.85912E+02 1.52152E-05 1.09531E-02 7.89565E+00
6.94078E+02 1.25732E-05 9.13040E-03 6.63811E+00
7.02244E+02 1.02859E-05 7.53370E-03 5.52350E+00
7.10409E+02 8.32582E-06 6.14948E-03 4.54593E+00
7.18575E+02 6.63777E-06 4.94360E-03 3.68448E+00
7.26741E+02 5.20528E-06 3.90855E-03 2.93660E+00
7.34906E+02 4.01017E-06 3.03529E-03 2.29850E+00
7.43072E+02 3.01273E-06 2.29834E-03 1.75401E+00
7.51237E+02 2.19149E-06 1.68486E-03 1.29573E+00
7.59403E+02 1.53376E-06 1.18817E-03 9.20637E-01
7.67569E+02 1.01512E-06 7.92282E-04 6.18450E-01
7.75734E+02 6.21227E-07 4.88410E-04 3.84025E-01
7.83900E+02 3.34537E-07 2.64914E-04 2.09792E-01
7.92066E+02 1.43941E-07 1.14789E-04 9.15429E-02
8.00231E+02 3.55978E-08 2.85856E-05 2.29548E-02
8.08397E+02 0.00000E+00 0.00000E+00 0.00000E+00
