100 2
0.00000E+00 3.47509E-03 1.00001E+00 3.54006E+02
8.02403E+00 3.47216E-03 1.00000E+00 3.54005E+02
1.60481E+01 3.46776E-03 9.99945E-01 3.54005E+02
2.40721E+01 3.45774E-03 9.99743E-01 3.54001E+02
3.20961E+01 3.44611E-03 9.99413E-01 3.53991E+02
4.01202E+01 3.42899E-03 9.98794E-01 3.53969E+02
4.81442E+01 3.41033E-03 9.97968E-01 3.53932E+02
5.61682E+01 3.38615E-03 9.96707E-01 3.53866E+02
6.41922E+01 3.36036E-03 9.95152E-01 3.53772E+02
7.22163E+01 3.32915E-03 9.93023E-01 3.53627E+02
8.02403E+01 3.29651E-03 9.90529E-01 3.53436E+02
8.82643E+01 3.25942E-03 9.87405E-01 3.53173E+02
9.62884E+01 3.21967E-03 9.83732E-01 3.52833E+02
1.04312E+02 3.17655E-03 9.79407E-01 3.52399E+02
1.12336E+02 3.13035E-03 9.74397E-01 3.51855E+02
1.20360E+02 3.08230E-03 9.68808E-01 3.51205E+02
1.28384E+02 3.02924E-03 9.62206E-01 3.50384E+02
1.36409E+02 2.97583E-03 9.55133E-01 3.49446E+02
1.44433E+02 2.91798E-03 9.47010E-01 3.48306E+02
1.52457E+02 2.85819E-03 9.38129E-01 3.46986E+02
1.60481E+02 2.79742E-03 9.28621E-01 3.45498E+02
1.68505E+02 2.73238E-03 9.17923E-01 3.43738E+02
1.76529E+02 2.66648E-03 9.06548E-01 3.41774E+02
1.84553E+02 2.59947E-03 8.94451E-01 3.39590E+02
1.92577E+02 2.52952E-03 8.81263E-01 3.37104E+02
2.00601E+02 2.45809E-03 8.67220E-01 3.34342E+02
2.08625E+02 2.38569E-03 8.52403E-01 3.31309E+02
2.16649E+02 2.31223E-03 8.36779E-01 3.27986E+02
2.24673E+02 2.23789E-03 8.20373E-01 3.24365E+02
2.32697E+02 2.16308E-03 8.03264E-01 3.20452E+02
2.40721E+02 2.08727E-03 7.85318E-01 3.16203E+02
2.48745E+02 2.01124E-03 7.66710E-01 3.11649E+02
2.56769E+02 1.93498E-03 7.47434E-01 3.06776E+02
2.64793E+02 1.85872E-03 7.27549E-01 3.01590E+02
2.72817E+02 1.78282E-03 7.07147E-01 2.96105E+02
2.80841E+02 1.70733E-03 6.86250E-01 2.90320E+02
2.88865E+02 1.63216E-03 6.64838E-01 2.84221E+02
2.96889E+02 1.55790E-03 6.43087E-01 2.77851E+02
3.04913E+02 1.48463E-03 6.21044E-01 2.71217E+02
3.12937E+02 1.41248E-03 5.98753E-01 2.64331E+02
3.20961E+02 1.34155E-03 5.76275E-01 2.57207E+02
3.28985E+02 1.27208E-03 5.53702E-01 2.49871E+02
3.37009E+02 1.20412E-03 5.31070E-01 2.42335E+02
3.45033E+02 1.13777E-03 5.08446E-01 2.34620E+02
3.53057E+02 1.07325E-03 4.85927E-01 2.26760E+02
3.61081E+02 1.01051E-03 4.63525E-01 2.18761E+02
3.69105E+02 9.49936E-04 4.41411E-01 2.10687E+02
3.77129E+02 8.91120E-04 4.19467E-01 2.02500E+02
3.85153E+02 8.34486E-04 3.97883E-01 1.94273E+02
3.93177E+02 7.80041E-04 3.76696E-01 1.86028E+02
4.01202E+02 7.27720E-04 3.55916E-01 1.77775E+02
4.09226E+02 6.77683E-04 3.35641E-01 1.69560E+02
4.17250E+02 6.29796E-04 3.15854E-01 1.61383E+02
4.25274E+02 5.84151E-04 2.96627E-01 1.53284E+02
4.33298E+02 5.40722E-04 2.77986E-01 1.45282E+02
4.41322E+02 4.99573E-04 2.59992E-01 1.37414E+02
4.49346E+02 4.60505E-04 2.42596E-01 1.29667E+02
4.57370E+02 4.23655E-04 2.25891E-01 1.22094E+02
4.65394E+02 3.88887E-04 2.09851E-01 1.14694E+02
4.73418E+02 3.56211E-04 1.94514E-01 1.07495E+02
4.81442E+02 3.25660E-04 1.79930E-01 1.00533E+02
4.89466E+02 2.96921E-04 1.65979E-01 9.37611E+01
4.97490E+02 2.70155E-04 1.52772E-01 8.72440E+01
5.05514E+02 2.45302E-04 1.40310E-01 8.09946E+01
5.13538E+02 2.22057E-04 1.28467E-01 7.49609E+01
5.21562E+02 2.00637E-04 1.17382E-01 6.92242E+01
5.29586E+02 1.80771E-04 1.06942E-01 6.37377E+01
5.37610E+02 1.62473E-04 9.71790E-02 5.85287E+01
5.45634E+02 1.45605E-04 8.80437E-02 5.35811E+01
5.53658E+02 1.30187E-04 7.95703E-02 4.89241E+01
5.61682E+02 1.16015E-04 7.16675E-02 4.45174E+01
5.69706E+02 1.03057E-04 6.43381E-02 4.03715E+01
5.77730E+02 9.13087E-05 5.75985E-02 3.65051E+01
5.85754E+02 8.06347E-05 5.13896E-02 3.28935E+01
5.93778E+02 7.09353E-05 4.56699E-02 2.95205E+01
6.01802E+02 6.21884E-05 4.04416E-02 2.63954E+01
6.09826E+02 5.43271E-05 3.56797E-02 2.35109E+01
6.17850E+02 4.72230E-05 3.13194E-02 2.08347E+01
6.25874E+02 4.08939E-05 2.73840E-02 1.83876E+01
6.33898E+02 3.52328E-05 2.38186E-02 1.61421E+01
6.41922E+02 3.01990E-05 2.06079E-02 1.40941E+01
6.49946E+02 2.57425E-05 1.77296E-02 1.22351E+01
6.57971E+02 2.18063E-05 1.51558E-02 1.05522E+01
6.65995E+02 1.83315E-05 1.28559E-02 9.02981E+00
6.74019E+02 1.53033E-05 1.08271E-02 7.67069E+00
6.82043E+02 1.26601E-05 9.03527E-03 6.45590E+00
6.90067E+02 1.03682E-05 7.46313E-03 5.37746E+00
6.98091E+02 8.39225E-06 6.09184E-03 4.42581E+00
7.06115E+02 6.69865E-06 4.90294E-03 3.59119E+00
7.14139E+02 5.26322E-06 3.88375E-03 2.86754E+00
7.22163E+02 4.05406E-06 3.01554E-03 2.24413E+00
7.30187E+02 3.04849E-06 2.28544E-03 1.71404E+00
7.38211E+02 2.22148E-06 1.67836E-03 1.26840E+00
7.46235E+02 1.55699E-06 1.18527E-03 9.02481E-01
7.54259E+02 1.03339E-06 7.92535E-04 6.07908E-01
7.62283E+02 6.31910E-07 4.88197E-04 3.77203E-01
7.70307E+02 3.41351E-07 2.65618E-04 2.06699E-01
7.78331E+02 1.47541E-07 1.15616E-04 9.06004E-02
7.86355E+02 3.70854E-08 2.92617E-05 2.30887E-02
7.94379E+02 0.00000E+00 0.00000E+00 0.00000E+00
