100 2
0.00000E+00 3.57324E-03 1.00001E+00 3.45650E+02
7.89316E+00 3.57145E-03 1.00000E+00 3.45650E+02
1.57863E+01 3.56549E-03 9.99929E-01 3.45649E+02
2.36795E+01 3.55567E-03 9.99730E-01 3.45645E+02
3.15726E+01 3.54212E-03 9.99352E-01 3.45634E+02
3.94658E+01 3.52499E-03 9.98740E-01 3.45613E+02
4.73589E+01 3.50362E-03 9.97811E-01 3.45572E+02
5.52521E+01 3.47874E-03 9.96533E-01 3.45506E+02
6.31452E+01 3.45027E-03 9.94849E-01 3.45406E+02
7.10384E+01 3.41733E-03 9.92637E-01 3.45258E+02
7.89316E+01 3.38166E-03 9.89961E-01 3.45057E+02
8.68247E+01 3.34165E-03 9.86642E-01 3.44781E+02
9.47179E+01 3.29915E-03 9.82780E-01 3.44430E+02
1.02611E+02 3.25282E-03 9.78206E-01 3.43978E+02
1.10504E+02 3.20421E-03 9.73022E-01 3.43425E+02
1.18397E+02 3.15213E-03 9.67063E-01 3.42743E+02
1.26290E+02 3.09659E-03 9.60268E-01 3.41911E+02
1.34184E+02 3.03854E-03 9.52706E-01 3.40926E+02
1.42077E+02 2.97789E-03 9.44327E-01 3.39768E+02
1.49970E+02 2.91491E-03 9.35129E-01 3.38424E+02
1.57863E+02 2.84951E-03 9.25061E-01 3.36874E+02
1.65756E+02 2.78217E-03 9.14164E-01 3.35111E+02
1.73649E+02 2.71234E-03 9.02313E-01 3.33099E+02
1.81543E+02 2.64099E-03 8.89639E-01 3.30847E+02
1.89436E+02 2.56843E-03 8.76178E-01 3.28350E+02
1.97329E+02 2.49411E-03 8.61807E-01 3.25570E+02
2.05222E+02 2.41857E-03 8.46601E-01 3.22509E+02
2.13115E+02 2.34181E-03 8.30545E-01 3.19150E+02
2.21008E+02 2.26472E-03 8.13811E-01 3.15517E+02
2.28902E+02 2.18668E-03 7.96257E-01 3.11568E+02
2.36795E+02 2.10832E-03 7.78009E-01 3.07319E+02
2.44688E+02 2.02977E-03 7.59100E-01 3.02766E+02
2.52581E+02 1.95114E-03 7.39549E-01 2.97905E+02
2.60474E+02 1.87278E-03 7.19448E-01 2.92748E+02
2.68367E+02 1.79462E-03 6.98782E-01 2.87283E+02
2.76260E+02 1.71717E-03 6.77690E-01 2.81539E+02
2.84154E+02 1.64046E-03 6.56196E-01 2.75516E+02
2.92047E+02 1.56461E-03 6.34345E-01 2.69220E+02
2.99940E+02 1.48989E-03 6.12229E-01 2.62674E+02
3.07833E+02 1.41630E-03 5.89867E-01 2.55878E+02
3.15726E+02 1.34414E-03 5.67371E-01 2.48864E+02
3.23619E+02 1.27360E-03 5.44821E-01 2.41656E+02
3.31513E+02 1.20476E-03 5.22273E-01 2.34270E+02
3.39406E+02 1.13763E-03 4.99755E-01 2.26716E+02
3.47299E+02 1.07244E-03 4.77371E-01 2.19031E+02
3.55192E+02 1.00935E-03 4.55212E-01 2.11248E+02
3.63085E+02 9.48059E-04 4.33204E-01 2.03344E+02
3.70978E+02 8.89000E-04 4.11528E-01 1.95389E+02
3.78871E+02 8.32232E-04 3.90246E-01 1.87410E+02
3.86765E+02 7.77509E-04 3.69299E-01 1.79392E+02
3.94658E+02 7.25056E-04 3.48807E-01 1.71385E+02
4.02551E+02 6.74933E-04 3.28829E-01 1.63422E+02
4.10444E+02 6.27038E-04 3.09362E-01 1.55509E+02
4.18337E+02 5.81402E-04 2.90452E-01 1.47673E+02
4.26230E+02 5.38117E-04 2.72175E-01 1.39956E+02
4.34124E+02 4.96970E-04 2.54476E-01 1.32342E+02
4.42017E+02 4.58099E-04 2.37448E-01 1.24884E+02
4.49910E+02 4.21360E-04 2.21065E-01 1.17578E+02
4.57803E+02 3.86872E-04 2.05414E-01 1.10474E+02
4.65696E+02 3.54363E-04 1.90404E-01 1.03544E+02
4.73589E+02 3.23863E-04 1.76082E-01 9.68181E+01
4.81482E+02 2.95380E-04 1.62481E-01 9.03235E+01
4.89376E+02 2.68843E-04 1.49600E-01 8.40711E+01
4.97269E+02 2.44106E-04 1.37398E-01 7.80522E+01
5.05162E+02 2.21068E-04 1.25852E-01 7.22657E+01
5.13055E+02 1.99769E-04 1.15010E-01 6.67461E+01
5.20948E+02 1.80082E-04 1.04833E-01 6.14850E+01
5.28841E+02 1.61923E-04 9.53023E-02 5.64832E+01
5.36735E+02 1.45171E-04 8.63784E-02 5.17292E+01
5.44628E+02 1.29824E-04 7.80815E-02 4.72437E+01
5.52521E+02 1.15744E-04 7.03584E-02 4.30074E+01
5.60414E+02 1.02902E-04 6.32129E-02 3.90315E+01
5.68307E+02 9.11960E-05 5.66072E-02 3.53039E+01
5.76200E+02 8.05673E-05 5.05255E-02 3.18239E+01
5.84094E+02 7.09385E-05 4.49401E-02 2.85838E+01
5.91987E+02 6.22164E-05 3.98117E-02 2.55684E+01
5.99880E+02 5.43949E-05 3.51511E-02 2.27913E+01
6.07773E+02 4.73245E-05 3.08824E-02 2.02141E+01
6.15666E+02 4.10086E-05 2.70193E-02 1.78512E+01
6.23559E+02 3.53503E-05 2.35137E-02 1.56793E+01
6.31452E+02 3.03257E-05 2.03611E-02 1.37012E+01
6.39346E+02 2.58729E-05 1.75321E-02 1.19039E+01
6.47239E+02 2.19333E-05 1.49981E-02 1.02740E+01
6.55132E+02 1.84587E-05 1.27358E-02 8.80092E+00
6.63025E+02 1.54188E-05 1.07325E-02 7.48072E+00
6.70918E+02 1.27663E-05 8.96357E-03 6.30104E+00
6.78811E+02 1.04662E-05 7.41158E-03 5.25379E+00
6.86705E+02 8.47691E-06 6.05355E-03 4.32671E+00
6.94598E+02 6.77613E-06 4.87908E-03 3.51567E+00
7.02491E+02 5.32683E-06 3.86684E-03 2.80868E+00
7.10384E+02 4.10623E-06 3.00470E-03 2.19972E+00
7.18277E+02 3.08874E-06 2.27799E-03 1.68069E+00
7.26170E+02 2.25472E-06 1.67574E-03 1.24580E+00
7.34063E+02 1.58093E-06 1.18390E-03 8.86764E-01
7.41957E+02 1.04963E-06 7.91891E-04 5.97527E-01
7.49850E+02 6.43880E-07 4.89328E-04 3.71909E-01
7.57743E+02 3.48082E-07 2.66436E-04 2.03952E-01
7.65636E+02 1.49322E-07 1.15108E-04 8.87363E-02
7.73529E+02 3.71235E-08 2.88161E-05 2.23678E-02
7.81422E+02 0.00000E+00 0.00000E+00 0.00000E+00
