100 2
0.00000E+00 3.44596E-03 1.00001E+00 3.56470E+02
8.06178E+00 3.44442E-03 1.00001E+00 3.56470E+02
1.61236E+01 3.43911E-03 9.99941E-01 3.56469E+02
2.41853E+01 3.43015E-03 9.99759E-01 3.56465E+02
3.22471E+01 3.41819E-03 9.99421E-01 3.56456E+02
4.03089E+01 3.40191E-03 9.98829E-01 3.56434E+02
4.83707E+01 3.38280E-03 9.97980E-01 3.56396E+02
5.64325E+01 3.35995E-03 9.96780E-01 3.56333E+02
6.44943E+01 3.33450E-03 9.95240E-01 3.56240E+02
7.25560E+01 3.30452E-03 9.93186E-01 3.56099E+02
8.06178E+01 3.27199E-03 9.90693E-01 3.55908E+02
8.86796E+01 3.23578E-03 9.87626E-01 3.55648E+02
9.67414E+01 3.19700E-03 9.84028E-01 3.55314E+02
1.04803E+02 3.15476E-03 9.79770E-01 3.54884E+02
1.12865E+02 3.10969E-03 9.74863E-01 3.54350E+02
1.20927E+02 3.06145E-03 9.69223E-01 3.53690E+02
1.28989E+02 3.01049E-03 9.62852E-01 3.52893E+02
1.37050E+02 2.95734E-03 9.55780E-01 3.51952E+02
1.45112E+02 2.90093E-03 9.47821E-01 3.50828E+02
1.53174E+02 2.84270E-03 9.39134E-01 3.49532E+02
1.61236E+02 2.78179E-03 9.29558E-01 3.48027E+02
1.69297E+02 2.71875E-03 9.19137E-01 3.46304E+02
1.77359E+02 2.65379E-03 9.07877E-01 3.44352E+02
1.85421E+02 2.58690E-03 8.95744E-01 3.42150E+02
1.93483E+02 2.51818E-03 8.82724E-01 3.39683E+02
2.01545E+02 2.44823E-03 8.68906E-01 3.36953E+02
2.09606E+02 2.37692E-03 8.54245E-01 3.33939E+02
2.17668E+02 2.30443E-03 8.38760E-01 3.30630E+02
2.25730E+02 2.23081E-03 8.22439E-01 3.27011E+02
2.33792E+02 2.15635E-03 8.05330E-01 3.23080E+02
2.41853E+02 2.08147E-03 7.87522E-01 3.18844E+02
2.49915E+02 2.00606E-03 7.68980E-01 3.14284E+02
2.57977E+02 1.93054E-03 7.49799E-01 3.09413E+02
2.66039E+02 1.85505E-03 7.30021E-01 3.04231E+02
2.74101E+02 1.77967E-03 7.09664E-01 2.98733E+02
2.82162E+02 1.70454E-03 6.88768E-01 2.92921E+02
2.90224E+02 1.63006E-03 6.67454E-01 2.86820E+02
2.98286E+02 1.55628E-03 6.45743E-01 2.80432E+02
3.06348E+02 1.48345E-03 6.23727E-01 2.73776E+02
3.14410E+02 1.41162E-03 6.01432E-01 2.66856E+02
3.22471E+02 1.34099E-03 5.78941E-01 2.59694E+02
3.30533E+02 1.27182E-03 5.56360E-01 2.52321E+02
3.38595E+02 1.20418E-03 5.33732E-01 2.44750E+02
3.46657E+02 1.13805E-03 5.11074E-01 2.36987E+02
3.54718E+02 1.07369E-03 4.88504E-01 2.29072E+02
3.62780E+02 1.01125E-03 4.66104E-01 2.21036E+02
3.70842E+02 9.50613E-04 4.43864E-01 2.12878E+02
3.78904E+02 8.92034E-04 4.21906E-01 2.04647E+02
3.86966E+02 8.35511E-04 4.00263E-01 1.96359E+02
3.95027E+02 7.80999E-04 3.78950E-01 1.88026E+02
4.03089E+02 7.28754E-04 3.58103E-01 1.79707E+02
4.11151E+02 6.78675E-04 3.37716E-01 1.71408E+02
4.19213E+02 6.30812E-04 3.17846E-01 1.63159E+02
4.27275E+02 5.85111E-04 2.98505E-01 1.54973E+02
4.35336E+02 5.41658E-04 2.79765E-01 1.46891E+02
4.43398E+02 5.00355E-04 2.61619E-01 1.38919E+02
4.51460E+02 4.61379E-04 2.44182E-01 1.31117E+02
4.59522E+02 4.24388E-04 2.27335E-01 1.23444E+02
4.67583E+02 3.89620E-04 2.11219E-01 1.15974E+02
4.75645E+02 3.56913E-04 1.95795E-01 1.08700E+02
4.83707E+02 3.26252E-04 1.81090E-01 1.01647E+02
4.91769E+02 2.97472E-04 1.67054E-01 9.48016E+01
4.99831E+02 2.70647E-04 1.53755E-01 8.82085E+01
5.07892E+02 2.45743E-04 1.41208E-01 8.18872E+01
5.15954E+02 2.22460E-04 1.29291E-01 7.57869E+01
5.24016E+02 2.00947E-04 1.18105E-01 6.99710E+01
5.32078E+02 1.81038E-04 1.07593E-01 6.44205E+01
5.40139E+02 1.62718E-04 9.77728E-02 5.91562E+01
5.48201E+02 1.45831E-04 8.85843E-02 5.41566E+01
5.56263E+02 1.30330E-04 8.00248E-02 4.94302E+01
5.64325E+02 1.16134E-04 7.20722E-02 4.49748E+01
5.72387E+02 1.03174E-04 6.47068E-02 4.07890E+01
5.80448E+02 9.13716E-05 5.79043E-02 3.68682E+01
5.88510E+02 8.06787E-05 5.16551E-02 3.32160E+01
5.96572E+02 7.09870E-05 4.59131E-02 2.98140E+01
6.04634E+02 6.22333E-05 4.06564E-02 2.66572E+01
6.12696E+02 5.43038E-05 3.58306E-02 2.37202E+01
6.20757E+02 4.72199E-05 3.14622E-02 2.10264E+01
6.28819E+02 4.08760E-05 2.74991E-02 1.85505E+01
6.36881E+02 3.52063E-05 2.39114E-02 1.62802E+01
6.44943E+02 3.01782E-05 2.06892E-02 1.42153E+01
6.53004E+02 2.57174E-05 1.77946E-02 1.23370E+01
6.61066E+02 2.17771E-05 1.52060E-02 1.06364E+01
6.69128E+02 1.83076E-05 1.28988E-02 9.10206E+00
6.77190E+02 1.52781E-05 1.08597E-02 7.72957E+00
6.85252E+02 1.26349E-05 9.05937E-03 6.50332E+00
6.93313E+02 1.03425E-05 7.47945E-03 5.41445E+00
7.01375E+02 8.36468E-06 6.10041E-03 4.45289E+00
7.09437E+02 6.67967E-06 4.91195E-03 3.61464E+00
7.17499E+02 5.24946E-06 3.89169E-03 2.88683E+00
7.25560E+02 4.04153E-06 3.02029E-03 2.25819E+00
7.33622E+02 3.03887E-06 2.28889E-03 1.72466E+00
7.41684E+02 2.21465E-06 1.68103E-03 1.27635E+00
7.49746E+02 1.55084E-06 1.18613E-03 9.07375E-01
7.57808E+02 1.02698E-06 7.91348E-04 6.09869E-01
7.65869E+02 6.27899E-07 4.87389E-04 3.78358E-01
7.73931E+02 3.37427E-07 2.63817E-04 2.06276E-01
7.81993E+02 1.45323E-07 1.14421E-04 9.00917E-02
7.90055E+02 3.66999E-08 2.90943E-05 2.30651E-02
7.98117E+02 0.00000E+00 0.00000E+00 0.00000E+00
