100 2
0.00000E+00 3.57180E-03 1.00001E+00 3.45905E+02
7.89722E+00 3.56809E-03 1.00000E+00 3.45905E+02
1.57944E+01 3.56378E-03 9.99949E-01 3.45904E+02
2.36916E+01 3.55208E-03 9.99718E-01 3.45900E+02
3.15889E+01 3.53980E-03 9.99373E-01 3.45890E+02
3.94861E+01 3.52160E-03 9.98727E-01 3.45867E+02
4.73833E+01 3.50113E-03 9.97833E-01 3.45828E+02
5.52805E+01 3.47496E-03 9.96490E-01 3.45759E+02
6.31777E+01 3.44649E-03 9.94794E-01 3.45657E+02
7.10749E+01 3.41465E-03 9.92656E-01 3.45514E+02
7.89722E+01 3.37863E-03 9.89948E-01 3.45310E+02
8.68694E+01 3.34035E-03 9.86776E-01 3.45047E+02
9.47666E+01 3.29594E-03 9.82740E-01 3.44680E+02
1.02664E+02 3.25152E-03 9.78351E-01 3.44246E+02
1.10561E+02 3.20145E-03 9.73015E-01 3.43677E+02
1.18458E+02 3.14896E-03 9.66996E-01 3.42987E+02
1.26355E+02 3.09516E-03 9.60412E-01 3.42181E+02
1.34253E+02 3.03593E-03 9.52693E-01 3.41174E+02
1.42150E+02 2.97635E-03 9.44454E-01 3.40035E+02
1.50047E+02 2.91337E-03 9.35254E-01 3.38690E+02
1.57944E+02 2.84742E-03 9.25096E-01 3.37125E+02
1.65842E+02 2.78019E-03 9.14207E-01 3.35361E+02
1.73739E+02 2.71173E-03 9.02583E-01 3.33387E+02
1.81636E+02 2.64018E-03 8.89874E-01 3.31130E+02
1.89533E+02 2.56711E-03 8.76314E-01 3.28613E+02
1.97430E+02 2.49270E-03 8.61914E-01 3.25826E+02
2.05328E+02 2.41730E-03 8.46729E-01 3.22767E+02
2.13225E+02 2.34116E-03 8.30795E-01 3.19432E+02
2.21122E+02 2.26376E-03 8.13983E-01 3.15780E+02
2.29019E+02 2.18612E-03 7.96510E-01 3.11847E+02
2.36916E+02 2.10762E-03 7.78223E-01 3.07587E+02
2.44814E+02 2.02911E-03 7.59312E-01 3.03031E+02
2.52711E+02 1.95062E-03 7.39787E-01 2.98174E+02
2.60608E+02 1.87232E-03 7.19691E-01 2.93016E+02
2.68505E+02 1.79435E-03 6.99063E-01 2.87558E+02
2.76403E+02 1.71696E-03 6.77979E-01 2.81814E+02
2.84300E+02 1.64024E-03 6.56471E-01 2.75784E+02
2.92197E+02 1.56447E-03 6.34633E-01 2.69489E+02
3.00094E+02 1.48972E-03 6.12496E-01 2.62933E+02
3.07991E+02 1.41613E-03 5.90122E-01 2.56130E+02
3.15889E+02 1.34408E-03 5.67649E-01 2.49120E+02
3.23786E+02 1.27354E-03 5.45089E-01 2.41904E+02
3.31683E+02 1.20469E-03 5.22525E-01 2.34510E+02
3.39580E+02 1.13762E-03 5.00016E-01 2.26955E+02
3.47477E+02 1.07246E-03 4.77634E-01 2.19266E+02
3.55375E+02 1.00921E-03 4.55405E-01 2.11454E+02
3.63272E+02 9.48062E-04 4.33435E-01 2.03560E+02
3.71169E+02 8.89031E-04 4.11759E-01 1.95600E+02
3.79066E+02 8.32162E-04 3.90428E-01 1.87599E+02
3.86964E+02 7.77536E-04 3.69507E-01 1.79586E+02
3.94861E+02 7.25148E-04 3.49029E-01 1.71581E+02
4.02758E+02 6.74981E-04 3.29023E-01 1.63603E+02
4.10655E+02 6.27138E-04 3.09567E-01 1.55690E+02
4.18552E+02 5.81465E-04 2.90632E-01 1.47840E+02
4.26450E+02 5.38184E-04 2.72347E-01 1.40115E+02
4.34347E+02 4.96978E-04 2.54613E-01 1.32483E+02
4.42244E+02 4.58172E-04 2.37606E-01 1.25029E+02
4.50141E+02 4.21497E-04 2.21243E-01 1.17729E+02
4.58039E+02 3.86937E-04 2.05551E-01 1.10604E+02
4.65936E+02 3.54464E-04 1.90551E-01 1.03674E+02
4.73833E+02 3.23917E-04 1.76199E-01 9.69309E+01
4.81730E+02 2.95459E-04 1.62603E-01 9.04355E+01
4.89627E+02 2.68880E-04 1.49696E-01 8.41670E+01
4.97525E+02 2.44078E-04 1.37455E-01 7.81257E+01
5.05422E+02 2.21073E-04 1.25919E-01 7.23413E+01
5.13319E+02 1.99797E-04 1.15083E-01 6.68220E+01
5.21216E+02 1.80058E-04 1.04874E-01 6.15415E+01
5.29113E+02 1.61903E-04 9.53405E-02 5.65353E+01
5.37011E+02 1.45171E-04 8.64220E-02 5.17816E+01
5.44908E+02 1.29808E-04 7.81125E-02 4.72869E+01
5.52805E+02 1.15760E-04 7.04029E-02 4.30559E+01
5.60702E+02 1.02915E-04 6.32521E-02 3.90750E+01
5.68600E+02 9.12222E-05 5.66507E-02 3.53480E+01
5.76497E+02 8.05924E-05 5.05654E-02 3.18643E+01
5.84394E+02 7.09244E-05 4.49543E-02 2.86077E+01
5.92291E+02 6.22347E-05 3.98424E-02 2.56004E+01
6.00188E+02 5.43716E-05 3.51547E-02 2.28057E+01
6.08086E+02 4.73295E-05 3.09009E-02 2.02361E+01
6.15983E+02 4.10127E-05 2.70353E-02 1.78706E+01
6.23880E+02 3.53578E-05 2.35301E-02 1.56979E+01
6.31777E+02 3.03372E-05 2.03785E-02 1.37195E+01
6.39674E+02 2.58688E-05 1.75382E-02 1.19140E+01
6.47572E+02 2.19291E-05 1.50029E-02 1.02824E+01
6.55469E+02 1.84567E-05 1.27408E-02 8.80879E+00
6.63366E+02 1.54176E-05 1.07371E-02 7.48766E+00
6.71263E+02 1.27657E-05 8.96767E-03 6.30706E+00
6.79161E+02 1.04619E-05 7.41232E-03 5.25702E+00
6.87058E+02 8.47358E-06 6.05428E-03 4.32945E+00
6.94955E+02 6.77467E-06 4.88050E-03 3.51847E+00
7.02852E+02 5.32755E-06 3.86927E-03 2.81184E+00
7.10749E+02 4.10978E-06 3.00873E-03 2.20372E+00
7.18647E+02 3.09167E-06 2.28124E-03 1.68389E+00
7.26544E+02 2.25646E-06 1.67785E-03 1.24797E+00
7.34441E+02 1.58209E-06 1.18535E-03 8.88289E-01
7.42338E+02 1.05108E-06 7.93369E-04 5.98932E-01
7.50235E+02 6.44645E-07 4.90150E-04 3.72717E-01
7.58133E+02 3.48592E-07 2.66959E-04 2.04454E-01
7.66030E+02 1.50284E-07 1.15905E-04 8.93921E-02
7.73927E+02 3.77331E-08 2.93026E-05 2.27559E-02
7.81824E+02 0.00000E+00 0.00000E+00 0.00000E+00
