100 2
0.00000E+00 3.53906E-03 1.00001E+00 3.48552E+02
7.93913E+00 3.53600E-03 9.99998E-01 3.48551E+02
1.58783E+01 3.53183E-03 9.99946E-01 3.48551E+02
2.38174E+01 3.52133E-03 9.99738E-01 3.48547E+02
3.17565E+01 3.50856E-03 9.99379E-01 3.48536E+02
3.96956E+01 3.49083E-03 9.98745E-01 3.48514E+02
4.76348E+01 3.47040E-03 9.97846E-01 3.48474E+02
5.55739E+01 3.44583E-03 9.96577E-01 3.48408E+02
6.35130E+01 3.41827E-03 9.94930E-01 3.48310E+02
7.14522E+01 3.38679E-03 9.92809E-01 3.48167E+02
7.93913E+01 3.35091E-03 9.90096E-01 3.47961E+02
8.73304E+01 3.31342E-03 9.86970E-01 3.47701E+02
9.52696E+01 3.27066E-03 9.83062E-01 3.47343E+02
1.03209E+02 3.22713E-03 9.78741E-01 3.46914E+02
1.11148E+02 3.17746E-03 9.73417E-01 3.46343E+02
1.19087E+02 3.12713E-03 9.67618E-01 3.45675E+02
1.27026E+02 3.07333E-03 9.61000E-01 3.44860E+02
1.34965E+02 3.01569E-03 9.53445E-01 3.43870E+02
1.42904E+02 2.95757E-03 9.45369E-01 3.42747E+02
1.50843E+02 2.89478E-03 9.36149E-01 3.41393E+02
1.58783E+02 2.83072E-03 9.26227E-01 3.39856E+02
1.66722E+02 2.76502E-03 9.15533E-01 3.38115E+02
1.74661E+02 2.69663E-03 9.03863E-01 3.36123E+02
1.82600E+02 2.62586E-03 8.91219E-01 3.33864E+02
1.90539E+02 2.55433E-03 8.77871E-01 3.31373E+02
1.98478E+02 2.48113E-03 8.63631E-01 3.28602E+02
2.06417E+02 2.40676E-03 8.48571E-01 3.25552E+02
2.14357E+02 2.33128E-03 8.32690E-01 3.22210E+02
2.22296E+02 2.25507E-03 8.16050E-01 3.18576E+02
2.30235E+02 2.17823E-03 7.98662E-01 3.14641E+02
2.38174E+02 2.10078E-03 7.80524E-01 3.10393E+02
2.46113E+02 2.02312E-03 7.61718E-01 3.05839E+02
2.54052E+02 1.94527E-03 7.42249E-01 3.00970E+02
2.61991E+02 1.86762E-03 7.22213E-01 2.95799E+02
2.69930E+02 1.79038E-03 7.01670E-01 2.90335E+02
2.77870E+02 1.71347E-03 6.80606E-01 2.84566E+02
2.85809E+02 1.63739E-03 6.59163E-01 2.78522E+02
2.93748E+02 1.56214E-03 6.37358E-01 2.72203E+02
3.01687E+02 1.48773E-03 6.15205E-01 2.65608E+02
3.09626E+02 1.41477E-03 5.92906E-01 2.58792E+02
3.17565E+02 1.34301E-03 5.70403E-01 2.51735E+02
3.25504E+02 1.27287E-03 5.47851E-01 2.44483E+02
3.33443E+02 1.20432E-03 5.25266E-01 2.37042E+02
3.41383E+02 1.13748E-03 5.02716E-01 2.29434E+02
3.49322E+02 1.07250E-03 4.80275E-01 2.21683E+02
3.57261E+02 1.00953E-03 4.58030E-01 2.13824E+02
3.65200E+02 9.48492E-04 4.35982E-01 2.05860E+02
3.73139E+02 8.89677E-04 4.14271E-01 1.97845E+02
3.81078E+02 8.32850E-04 3.92843E-01 1.89765E+02
3.89017E+02 7.78193E-04 3.71798E-01 1.81662E+02
3.96956E+02 7.25886E-04 3.51244E-01 1.73585E+02
4.04896E+02 6.75759E-04 3.31148E-01 1.65528E+02
4.12835E+02 6.27855E-04 3.11563E-01 1.57521E+02
4.20774E+02 5.82349E-04 2.92598E-01 1.49616E+02
4.28713E+02 5.38894E-04 2.74142E-01 1.41778E+02
4.36652E+02 4.97808E-04 2.56367E-01 1.34087E+02
4.44591E+02 4.58863E-04 2.39208E-01 1.26527E+02
4.52530E+02 4.22097E-04 2.22717E-01 1.19131E+02
4.60470E+02 3.87539E-04 2.06943E-01 1.11930E+02
4.68409E+02 3.54922E-04 1.91796E-01 1.04896E+02
4.76348E+02 3.24474E-04 1.77415E-01 9.81029E+01
4.84287E+02 2.95882E-04 1.63683E-01 9.15077E+01
4.92226E+02 2.69283E-04 1.50697E-01 8.51679E+01
5.00165E+02 2.44437E-04 1.38370E-01 7.90518E+01
5.08104E+02 2.21340E-04 1.26727E-01 7.31825E+01
5.16043E+02 1.99969E-04 1.15784E-01 6.75791E+01
5.23983E+02 1.80253E-04 1.05532E-01 6.22483E+01
5.31922E+02 1.62050E-04 9.59229E-02 5.71755E+01
5.39861E+02 1.45282E-04 8.69377E-02 5.23608E+01
5.47800E+02 1.29925E-04 7.85872E-02 4.78200E+01
5.55739E+02 1.15828E-04 7.08101E-02 4.35293E+01
5.63678E+02 1.02947E-04 6.36012E-02 3.94948E+01
5.71617E+02 9.12230E-05 5.69468E-02 3.57178E+01
5.79556E+02 8.05843E-05 5.08240E-02 3.21940E+01
5.87496E+02 7.09143E-05 4.51820E-02 2.89021E+01
5.95435E+02 6.21837E-05 4.00186E-02 2.58484E+01
6.03374E+02 5.43353E-05 3.53148E-02 2.30291E+01
6.11313E+02 4.72794E-05 3.10298E-02 2.04269E+01
6.19252E+02 4.09496E-05 2.71357E-02 1.80312E+01
6.27191E+02 3.53057E-05 2.36187E-02 1.58395E+01
6.35130E+02 3.02877E-05 2.04519E-02 1.38410E+01
6.43070E+02 2.58182E-05 1.75958E-02 1.20159E+01
6.51009E+02 2.18709E-05 1.50421E-02 1.03637E+01
6.58948E+02 1.84073E-05 1.27737E-02 8.87809E+00
6.66887E+02 1.53701E-05 1.07605E-02 7.54362E+00
6.74826E+02 1.27275E-05 8.98794E-03 6.35462E+00
6.82765E+02 1.04271E-05 7.42667E-03 5.29498E+00
6.90704E+02 8.44585E-06 6.06625E-03 4.36086E+00
6.98643E+02 6.74844E-06 4.88729E-03 3.54198E+00
7.06583E+02 5.30471E-06 3.87308E-03 2.82950E+00
7.14522E+02 4.08833E-06 3.00893E-03 2.21558E+00
7.22461E+02 3.07606E-06 2.28176E-03 1.69320E+00
7.30400E+02 2.24397E-06 1.67742E-03 1.25428E+00
7.38339E+02 1.57123E-06 1.18349E-03 8.91619E-01
7.46278E+02 1.04214E-06 7.90825E-04 6.00205E-01
7.54217E+02 6.37546E-07 4.87357E-04 3.72583E-01
7.62156E+02 3.44705E-07 2.65396E-04 2.04345E-01
7.70096E+02 1.48614E-07 1.15228E-04 8.93447E-02
7.78035E+02 3.74120E-08 2.92077E-05 2.28027E-02
7.85974E+02 0.00000E+00 0.00000E+00 0.00000E+00
