100 2
0.00000E+00 3.40218E-03 1.00001E+00 3.60298E+02
8.11973E+00 3.40105E-03 1.00001E+00 3.60298E+02
1.62395E+01 3.39539E-03 9.99936E-01 3.60297E+02
2.43592E+01 3.38734E-03 9.99770E-01 3.60293E+02
3.24789E+01 3.37557E-03 9.99435E-01 3.60284E+02
4.05987E+01 3.36039E-03 9.98880E-01 3.60263E+02
4.87184E+01 3.34155E-03 9.98038E-01 3.60226E+02
5.68381E+01 3.31970E-03 9.96883E-01 3.60165E+02
6.49579E+01 3.29439E-03 9.95340E-01 3.60070E+02
7.30776E+01 3.26624E-03 9.93395E-01 3.59936E+02
8.11973E+01 3.23445E-03 9.90942E-01 3.59746E+02
8.93171E+01 3.20029E-03 9.88029E-01 3.59498E+02
9.74368E+01 3.16183E-03 9.84438E-01 3.59162E+02
1.05557E+02 3.12140E-03 9.80331E-01 3.58745E+02
1.13676E+02 3.07736E-03 9.75504E-01 3.58216E+02
1.21796E+02 3.03108E-03 9.70053E-01 3.57573E+02
1.29916E+02 2.98156E-03 9.63821E-01 3.56789E+02
1.38035E+02 2.92924E-03 9.56807E-01 3.55848E+02
1.46155E+02 2.87507E-03 9.49108E-01 3.54754E+02
1.54275E+02 2.81798E-03 9.40531E-01 3.53465E+02
1.62395E+02 2.75885E-03 9.31166E-01 3.51981E+02
1.70514E+02 2.69754E-03 9.20961E-01 3.50282E+02
1.78634E+02 2.63363E-03 9.09803E-01 3.48334E+02
1.86754E+02 2.56877E-03 8.97951E-01 3.46168E+02
1.94874E+02 2.50166E-03 8.85146E-01 3.43724E+02
2.02993E+02 2.43272E-03 8.71431E-01 3.40995E+02
2.11113E+02 2.36275E-03 8.56941E-01 3.37994E+02
2.19233E+02 2.29153E-03 8.41614E-01 3.34695E+02
2.27352E+02 2.21950E-03 8.25530E-01 3.31103E+02
2.35472E+02 2.14634E-03 8.08599E-01 3.27184E+02
2.43592E+02 2.07265E-03 7.90946E-01 3.22955E+02
2.51712E+02 1.99843E-03 7.72565E-01 3.18403E+02
2.59831E+02 1.92404E-03 7.53537E-01 3.13536E+02
2.67951E+02 1.84949E-03 7.33866E-01 3.08344E+02
2.76071E+02 1.77490E-03 7.13576E-01 3.02825E+02
2.84191E+02 1.70071E-03 6.92793E-01 2.97003E+02
2.92310E+02 1.62697E-03 6.71537E-01 2.90875E+02
3.00430E+02 1.55399E-03 6.49911E-01 2.84466E+02
3.08550E+02 1.48174E-03 6.27911E-01 2.77767E+02
3.16670E+02 1.41058E-03 6.05666E-01 2.70812E+02
3.24789E+02 1.34046E-03 5.83178E-01 2.63600E+02
3.32909E+02 1.27178E-03 5.60594E-01 2.56173E+02
3.41029E+02 1.20453E-03 5.37933E-01 2.48536E+02
3.49148E+02 1.13884E-03 5.15267E-01 2.40715E+02
3.57268E+02 1.07465E-03 4.92594E-01 2.32707E+02
3.65388E+02 1.01242E-03 4.70111E-01 2.24583E+02
3.73508E+02 9.52044E-04 4.47806E-01 2.16343E+02
3.81627E+02 8.93546E-04 4.25720E-01 2.08004E+02
3.89747E+02 8.37108E-04 4.03955E-01 1.99610E+02
3.97867E+02 7.82680E-04 3.82522E-01 1.91170E+02
4.05987E+02 7.30461E-04 3.61536E-01 1.82735E+02
4.14106E+02 6.80365E-04 3.40995E-01 1.74313E+02
4.22226E+02 6.32440E-04 3.20956E-01 1.65934E+02
4.30346E+02 5.86719E-04 3.01468E-01 1.57627E+02
4.38466E+02 5.43168E-04 2.82550E-01 1.49409E+02
4.46585E+02 5.01896E-04 2.64288E-01 1.41328E+02
4.54705E+02 4.62699E-04 2.46626E-01 1.33369E+02
4.62825E+02 4.25755E-04 2.29679E-01 1.25595E+02
4.70944E+02 3.90833E-04 2.13376E-01 1.17984E+02
4.79064E+02 3.58042E-04 1.97801E-01 1.10586E+02
4.87184E+02 3.27227E-04 1.82915E-01 1.03395E+02
4.95304E+02 2.98444E-04 1.68777E-01 9.64506E+01
5.03423E+02 2.71464E-04 1.55306E-01 8.97238E+01
5.11543E+02 2.46401E-04 1.42588E-01 8.32701E+01
5.19663E+02 2.23134E-04 1.30593E-01 7.70858E+01
5.27783E+02 2.01535E-04 1.19282E-01 7.11627E+01
5.35902E+02 1.81536E-04 1.08647E-01 6.55071E+01
5.44022E+02 1.63132E-04 9.87100E-02 6.01421E+01
5.52142E+02 1.46145E-04 8.94007E-02 5.50402E+01
5.60262E+02 1.30612E-04 8.07620E-02 5.02358E+01
5.68381E+02 1.16339E-04 7.27086E-02 4.56914E+01
5.76501E+02 1.03352E-04 6.52750E-02 4.14364E+01
5.84621E+02 9.15385E-05 5.84172E-02 3.74554E+01
5.92740E+02 8.07760E-05 5.20822E-02 3.37265E+01
6.00860E+02 7.10286E-05 4.62655E-02 3.02554E+01
6.08980E+02 6.22411E-05 4.09503E-02 2.70404E+01
6.17100E+02 5.43366E-05 3.61051E-02 2.40704E+01
6.25219E+02 4.72284E-05 3.16903E-02 2.13284E+01
6.33339E+02 4.08764E-05 2.76936E-02 1.88137E+01
6.41459E+02 3.52071E-05 2.40805E-02 1.65110E+01
6.49579E+02 3.01480E-05 2.08152E-02 1.44034E+01
6.57698E+02 2.56832E-05 1.78972E-02 1.24963E+01
6.65818E+02 2.17469E-05 1.52927E-02 1.07729E+01
6.73938E+02 1.82769E-05 1.29686E-02 9.21627E+00
6.82057E+02 1.52435E-05 1.09122E-02 7.82227E+00
6.90177E+02 1.26041E-05 9.10160E-03 6.58013E+00
6.98297E+02 1.03103E-05 7.50938E-03 5.47490E+00
7.06417E+02 8.34120E-06 6.12658E-03 4.50382E+00
7.14536E+02 6.64965E-06 4.92494E-03 3.65018E+00
7.22656E+02 5.22150E-06 3.89880E-03 2.91289E+00
7.30776E+02 4.02258E-06 3.02766E-03 2.27991E+00
7.38896E+02 3.02452E-06 2.29440E-03 1.74118E+00
7.47015E+02 2.20256E-06 1.68384E-03 1.28766E+00
7.55135E+02 1.54028E-06 1.18652E-03 9.14209E-01
7.63255E+02 1.01965E-06 7.91348E-04 6.14256E-01
7.71375E+02 6.24534E-07 4.88251E-04 3.81743E-01
7.79494E+02 3.36343E-07 2.64848E-04 2.08562E-01
7.87614E+02 1.44655E-07 1.14711E-04 9.09674E-02
7.95734E+02 3.59339E-08 2.86930E-05 2.29113E-02
8.03853E+02 0.00000E+00 0.00000E+00 0.00000E+00
