100 2
0.00000E+00 3.48186E-03 1.00001E+00 3.53332E+02
8.01364E+00 3.48082E-03 1.00001E+00 3.53332E+02
1.60273E+01 3.47486E-03 9.99934E-01 3.53331E+02
2.40409E+01 3.46641E-03 9.99764E-01 3.53327E+02
3.20546E+01 3.45309E-03 9.99389E-01 3.53317E+02
4.00682E+01 3.43775E-03 9.98836E-01 3.53297E+02
4.80819E+01 3.41677E-03 9.97911E-01 3.53256E+02
5.60955E+01 3.39413E-03 9.96729E-01 3.53194E+02
6.41092E+01 3.36651E-03 9.95068E-01 3.53094E+02
7.21228E+01 3.33714E-03 9.93064E-01 3.52957E+02
8.01364E+01 3.30278E-03 9.90448E-01 3.52758E+02
8.81501E+01 3.26626E-03 9.87371E-01 3.52498E+02
9.61637E+01 3.22581E-03 9.83644E-01 3.52155E+02
1.04177E+02 3.18226E-03 9.79274E-01 3.51716E+02
1.12191E+02 3.13694E-03 9.74371E-01 3.51185E+02
1.20205E+02 3.08664E-03 9.68525E-01 3.50505E+02
1.28218E+02 3.03545E-03 9.62164E-01 3.49715E+02
1.36232E+02 2.97999E-03 9.54829E-01 3.48745E+02
1.44246E+02 2.92269E-03 9.46789E-01 3.47616E+02
1.52259E+02 2.86347E-03 9.38010E-01 3.46314E+02
1.60273E+02 2.80075E-03 9.28208E-01 3.44782E+02
1.68287E+02 2.73659E-03 9.17664E-01 3.43049E+02
1.76300E+02 2.67066E-03 9.06305E-01 3.41092E+02
1.84314E+02 2.60208E-03 8.93940E-01 3.38862E+02
1.92327E+02 2.53214E-03 8.80767E-01 3.36380E+02
2.00341E+02 2.46103E-03 8.66803E-01 3.33637E+02
2.08355E+02 2.38877E-03 8.52035E-01 3.30619E+02
2.16368E+02 2.31499E-03 8.36368E-01 3.27292E+02
2.24382E+02 2.24022E-03 8.19890E-01 3.23660E+02
2.32396E+02 2.16460E-03 8.02620E-01 3.19715E+02
2.40409E+02 2.08900E-03 7.84745E-01 3.15489E+02
2.48423E+02 2.01267E-03 7.66090E-01 3.10929E+02
2.56437E+02 1.93626E-03 7.46802E-01 3.06060E+02
2.64450E+02 1.85989E-03 7.26912E-01 3.00879E+02
2.72464E+02 1.78369E-03 7.06456E-01 2.95387E+02
2.80478E+02 1.70786E-03 6.85493E-01 2.89591E+02
2.88491E+02 1.63275E-03 6.64123E-01 2.83512E+02
2.96505E+02 1.55835E-03 6.42364E-01 2.77147E+02
3.04518E+02 1.48500E-03 6.20320E-01 2.70522E+02
3.12532E+02 1.41262E-03 5.97991E-01 2.63633E+02
3.20546E+02 1.34166E-03 5.75529E-01 2.56523E+02
3.28559E+02 1.27217E-03 5.52977E-01 2.49203E+02
3.36573E+02 1.20405E-03 5.30325E-01 2.41670E+02
3.44587E+02 1.13770E-03 5.07730E-01 2.33975E+02
3.52600E+02 1.07315E-03 4.85227E-01 2.26130E+02
3.60614E+02 1.01042E-03 4.62859E-01 2.18154E+02
3.68628E+02 9.49631E-04 4.40695E-01 2.10073E+02
3.76641E+02 8.90935E-04 4.18824E-01 2.01923E+02
3.84655E+02 8.34306E-04 3.97270E-01 1.93719E+02
3.92669E+02 7.79891E-04 3.76123E-01 1.85500E+02
4.00682E+02 7.27506E-04 3.55344E-01 1.77258E+02
4.08696E+02 6.77387E-04 3.35064E-01 1.69051E+02
4.16710E+02 6.29613E-04 3.15349E-01 1.60915E+02
4.24723E+02 5.83867E-04 2.96104E-01 1.52819E+02
4.32737E+02 5.40450E-04 2.77492E-01 1.44840E+02
4.40750E+02 4.99322E-04 2.59531E-01 1.36996E+02
4.48764E+02 4.60253E-04 2.42156E-01 1.29269E+02
4.56778E+02 4.23418E-04 2.25479E-01 1.21718E+02
4.64791E+02 3.88753E-04 2.09508E-01 1.14359E+02
4.72805E+02 3.56049E-04 1.94178E-01 1.07173E+02
4.80819E+02 3.25442E-04 1.79585E-01 1.00216E+02
4.88832E+02 2.96847E-04 1.65723E-01 9.34955E+01
4.96846E+02 2.70062E-04 1.52524E-01 8.69908E+01
5.04860E+02 2.45158E-04 1.40051E-01 8.07447E+01
5.12873E+02 2.22037E-04 1.28288E-01 7.47590E+01
5.20887E+02 2.00507E-04 1.17160E-01 6.90078E+01
5.28901E+02 1.80719E-04 1.06774E-01 6.35569E+01
5.36914E+02 1.62426E-04 9.70273E-02 5.83630E+01
5.44928E+02 1.45620E-04 8.79375E-02 5.34467E+01
5.52941E+02 1.30108E-04 7.94236E-02 4.87736E+01
5.60955E+02 1.15980E-04 7.15553E-02 4.43916E+01
5.68969E+02 1.03096E-04 6.42773E-02 4.02803E+01
5.76982E+02 9.13279E-05 5.75356E-02 3.64179E+01
5.84996E+02 8.06269E-05 5.13192E-02 3.28067E+01
5.93010E+02 7.09422E-05 4.56156E-02 2.94476E+01
6.01023E+02 6.21975E-05 4.03955E-02 2.63315E+01
6.09037E+02 5.43276E-05 3.56346E-02 2.34513E+01
6.17051E+02 4.72376E-05 3.12887E-02 2.07874E+01
6.25064E+02 4.08919E-05 2.73481E-02 1.83403E+01
6.33078E+02 3.52427E-05 2.37947E-02 1.61052E+01
6.41092E+02 3.02214E-05 2.05962E-02 1.40677E+01
6.49105E+02 2.57511E-05 1.77128E-02 1.22079E+01
6.57119E+02 2.18170E-05 1.51438E-02 1.05302E+01
6.65132E+02 1.83429E-05 1.28473E-02 9.01212E+00
6.73146E+02 1.53139E-05 1.08207E-02 7.65622E+00
6.81160E+02 1.26709E-05 9.03121E-03 6.44463E+00
6.89173E+02 1.03746E-05 7.45814E-03 5.36697E+00
6.97187E+02 8.39677E-06 6.08732E-03 4.41687E+00
7.05201E+02 6.70537E-06 4.90150E-03 3.58548E+00
7.13214E+02 5.26768E-06 3.88204E-03 2.86258E+00
7.21228E+02 4.06000E-06 3.01601E-03 2.24155E+00
7.29242E+02 3.05089E-06 2.28430E-03 1.71098E+00
7.37255E+02 2.22548E-06 1.67919E-03 1.26736E+00
7.45269E+02 1.55736E-06 1.18404E-03 9.00397E-01
7.53283E+02 1.03355E-06 7.91646E-04 6.06452E-01
7.61296E+02 6.32128E-07 4.87740E-04 3.76367E-01
7.69310E+02 3.41030E-07 2.65031E-04 2.05979E-01
7.77324E+02 1.46669E-07 1.14789E-04 8.98406E-02
7.85337E+02 3.61901E-08 2.85209E-05 2.24770E-02
7.93351E+02 0.00000E+00 0.00000E+00 0.00000E+00
