100 2
0.00000E+00 3.56261E-03 1.00001E+00 3.46535E+02
7.90723E+00 3.56120E-03 1.00001E+00 3.46535E+02
1.58145E+01 3.55497E-03 9.99931E-01 3.46534E+02
2.37217E+01 3.54579E-03 9.99747E-01 3.46530E+02
3.16289E+01 3.53160E-03 9.99353E-01 3.46519E+02
3.95362E+01 3.51481E-03 9.98752E-01 3.46497E+02
4.74434E+01 3.49287E-03 9.97795E-01 3.46455E+02
5.53506E+01 3.46890E-03 9.96559E-01 3.46392E+02
6.32579E+01 3.43988E-03 9.94837E-01 3.46289E+02
7.11651E+01 3.40804E-03 9.92693E-01 3.46145E+02
7.90723E+01 3.37209E-03 9.89991E-01 3.45941E+02
8.69796E+01 3.33277E-03 9.86721E-01 3.45669E+02
9.48868E+01 3.29080E-03 9.82902E-01 3.45322E+02
1.02794E+02 3.24480E-03 9.78354E-01 3.44872E+02
1.10701E+02 3.19609E-03 9.73151E-01 3.44316E+02
1.18609E+02 3.14410E-03 9.67188E-01 3.43632E+02
1.26516E+02 3.08902E-03 9.60435E-01 3.42803E+02
1.34423E+02 3.03168E-03 9.52951E-01 3.41826E+02
1.42330E+02 2.97144E-03 9.44613E-01 3.40672E+02
1.50237E+02 2.90890E-03 9.35462E-01 3.39333E+02
1.58145E+02 2.84375E-03 9.25417E-01 3.37783E+02
1.66052E+02 2.77661E-03 9.14531E-01 3.36018E+02
1.73959E+02 2.70733E-03 9.02752E-01 3.34015E+02
1.81866E+02 2.63661E-03 8.90166E-01 3.31775E+02
1.89774E+02 2.56408E-03 8.76689E-01 3.29270E+02
1.97681E+02 2.49010E-03 8.62357E-01 3.26493E+02
2.05588E+02 2.41487E-03 8.47186E-01 3.23433E+02
2.13495E+02 2.33881E-03 8.31248E-01 3.20093E+02
2.21403E+02 2.26163E-03 8.14464E-01 3.16443E+02
2.29310E+02 2.18414E-03 7.97001E-01 3.12507E+02
2.37217E+02 2.10597E-03 7.78768E-01 3.08253E+02
2.45124E+02 2.02771E-03 7.59892E-01 3.03701E+02
2.53031E+02 1.94935E-03 7.40375E-01 2.98839E+02
2.60939E+02 1.87120E-03 7.20293E-01 2.93678E+02
2.68846E+02 1.79338E-03 6.99680E-01 2.88218E+02
2.76753E+02 1.71606E-03 6.78587E-01 2.82463E+02
2.84660E+02 1.63948E-03 6.57091E-01 2.76429E+02
2.92568E+02 1.56382E-03 6.35256E-01 2.70127E+02
3.00475E+02 1.48921E-03 6.13131E-01 2.63566E+02
3.08382E+02 1.41580E-03 5.90785E-01 2.56763E+02
3.16289E+02 1.34383E-03 5.68306E-01 2.49742E+02
3.24197E+02 1.27336E-03 5.45742E-01 2.42516E+02
3.32104E+02 1.20454E-03 5.23159E-01 2.35105E+02
3.40011E+02 1.13763E-03 5.00674E-01 2.27549E+02
3.47918E+02 1.07242E-03 4.78244E-01 2.19834E+02
3.55826E+02 1.00931E-03 4.56040E-01 2.12022E+02
3.63733E+02 9.48187E-04 4.34050E-01 2.04110E+02
3.71640E+02 8.89277E-04 4.12392E-01 1.96147E+02
3.79547E+02 8.32323E-04 3.91002E-01 1.88114E+02
3.87454E+02 7.77697E-04 3.70054E-01 1.80080E+02
3.95362E+02 7.25250E-04 3.49527E-01 1.72046E+02
4.03269E+02 6.75170E-04 3.29531E-01 1.64062E+02
4.11176E+02 6.27312E-04 3.10044E-01 1.56126E+02
4.19083E+02 5.81682E-04 2.91103E-01 1.48264E+02
4.26991E+02 5.38309E-04 2.72756E-01 1.40503E+02
4.34898E+02 4.97236E-04 2.55057E-01 1.32876E+02
4.42805E+02 4.58337E-04 2.37988E-01 1.25385E+02
4.50712E+02 4.21616E-04 2.21584E-01 1.18057E+02
4.58620E+02 3.87045E-04 2.05867E-01 1.10912E+02
4.66527E+02 3.54605E-04 1.90863E-01 1.03972E+02
4.74434E+02 3.24028E-04 1.76478E-01 9.72048E+01
4.82341E+02 2.95581E-04 1.62871E-01 9.06954E+01
4.90249E+02 2.68947E-04 1.49920E-01 8.43982E+01
4.98156E+02 2.44169E-04 1.37676E-01 7.83475E+01
5.06063E+02 2.21204E-04 1.26146E-01 7.25589E+01
5.13970E+02 1.99861E-04 1.15262E-01 6.70083E+01
5.21877E+02 1.80088E-04 1.05022E-01 6.17053E+01
5.29785E+02 1.61933E-04 9.54765E-02 5.66862E+01
5.37692E+02 1.45184E-04 8.65379E-02 5.19157E+01
5.45599E+02 1.29802E-04 7.82070E-02 4.74036E+01
5.53506E+02 1.15735E-04 7.04772E-02 4.31560E+01
5.61414E+02 1.02906E-04 6.33260E-02 3.91698E+01
5.69321E+02 9.11869E-05 5.67011E-02 3.54246E+01
5.77228E+02 8.05619E-05 5.06107E-02 3.19333E+01
5.85135E+02 7.09273E-05 4.50119E-02 2.86797E+01
5.93043E+02 6.22231E-05 3.98849E-02 2.56597E+01
6.00950E+02 5.43661E-05 3.51949E-02 2.28601E+01
6.08857E+02 4.73237E-05 3.09354E-02 2.02839E+01
6.16764E+02 4.09925E-05 2.70561E-02 1.79069E+01
6.24672E+02 3.53400E-05 2.35480E-02 1.57296E+01
6.32579E+02 3.03200E-05 2.03927E-02 1.37463E+01
6.40486E+02 2.58611E-05 1.75548E-02 1.19401E+01
6.48393E+02 2.19160E-05 1.50128E-02 1.03022E+01
6.56300E+02 1.84488E-05 1.27513E-02 8.82705E+00
6.64208E+02 1.54061E-05 1.07426E-02 7.50095E+00
6.72115E+02 1.27499E-05 8.96806E-03 6.31542E+00
6.80022E+02 1.04500E-05 7.41334E-03 5.26444E+00
6.87929E+02 8.46593E-06 6.05645E-03 4.33647E+00
6.95837E+02 6.76230E-06 4.87789E-03 3.52114E+00
7.03744E+02 5.31512E-06 3.86529E-03 2.81262E+00
7.11651E+02 4.09826E-06 3.00424E-03 2.20332E+00
7.19558E+02 3.08365E-06 2.27828E-03 1.68390E+00
7.27466E+02 2.25102E-06 1.67597E-03 1.24819E+00
7.35373E+02 1.57679E-06 1.18292E-03 8.87625E-01
7.43280E+02 1.04546E-06 7.90175E-04 5.97315E-01
7.51187E+02 6.40835E-07 4.87900E-04 3.71498E-01
7.59094E+02 3.46394E-07 2.65625E-04 2.03699E-01
7.67002E+02 1.49241E-07 1.15250E-04 8.90029E-02
7.74909E+02 3.67951E-08 2.86128E-05 2.22501E-02
7.82816E+02 0.00000E+00 0.00000E+00 0.00000E+00
