100 2
0.00000E+00 3.57130E-03 1.00001E+00 3.45870E+02
7.89666E+00 3.56816E-03 9.99998E-01 3.45870E+02
1.57933E+01 3.56374E-03 9.99942E-01 3.45869E+02
2.36900E+01 3.55303E-03 9.99731E-01 3.45865E+02
3.15867E+01 3.53989E-03 9.99363E-01 3.45855E+02
3.94833E+01 3.52194E-03 9.98724E-01 3.45832E+02
4.73800E+01 3.50090E-03 9.97804E-01 3.45792E+02
5.52767E+01 3.47614E-03 9.96534E-01 3.45726E+02
6.31733E+01 3.44738E-03 9.94825E-01 3.45625E+02
7.10700E+01 3.41543E-03 9.92682E-01 3.45481E+02
7.89666E+01 3.37849E-03 9.89906E-01 3.45272E+02
8.68633E+01 3.34048E-03 9.86754E-01 3.45010E+02
9.47600E+01 3.29681E-03 9.82786E-01 3.44650E+02
1.02657E+02 3.25145E-03 9.78305E-01 3.44207E+02
1.10553E+02 3.20143E-03 9.72972E-01 3.43638E+02
1.18450E+02 3.14994E-03 9.67071E-01 3.42961E+02
1.26347E+02 3.09516E-03 9.60368E-01 3.42141E+02
1.34243E+02 3.03645E-03 9.52716E-01 3.41143E+02
1.42140E+02 2.97644E-03 9.44419E-01 3.39996E+02
1.50037E+02 2.91375E-03 9.35264E-01 3.38658E+02
1.57933E+02 2.84735E-03 9.25034E-01 3.37082E+02
1.65830E+02 2.78041E-03 9.14193E-01 3.35326E+02
1.73727E+02 2.71175E-03 9.02536E-01 3.33347E+02
1.81623E+02 2.64031E-03 8.89846E-01 3.31092E+02
1.89520E+02 2.56688E-03 8.76218E-01 3.28562E+02
1.97417E+02 2.49280E-03 8.61883E-01 3.25788E+02
2.05313E+02 2.41727E-03 8.46670E-01 3.22724E+02
2.13210E+02 2.34121E-03 8.30753E-01 3.19392E+02
2.21107E+02 2.26408E-03 8.14002E-01 3.15754E+02
2.29003E+02 2.18606E-03 7.96445E-01 3.11803E+02
2.36900E+02 2.10770E-03 7.78190E-01 3.07549E+02
2.44797E+02 2.02922E-03 7.59288E-01 3.02996E+02
2.52693E+02 1.95075E-03 7.39769E-01 2.98141E+02
2.60590E+02 1.87234E-03 7.19646E-01 2.92976E+02
2.68487E+02 1.79437E-03 6.99020E-01 2.87520E+02
2.76383E+02 1.71692E-03 6.77920E-01 2.81771E+02
2.84280E+02 1.64014E-03 6.56398E-01 2.75737E+02
2.92177E+02 1.56435E-03 6.34552E-01 2.69440E+02
3.00073E+02 1.48968E-03 6.12442E-01 2.62892E+02
3.07970E+02 1.41613E-03 5.90082E-01 2.56094E+02
3.15867E+02 1.34408E-03 5.67607E-01 2.49084E+02
3.23763E+02 1.27357E-03 5.45059E-01 2.41873E+02
3.31660E+02 1.20467E-03 5.22479E-01 2.34473E+02
3.39557E+02 1.13761E-03 4.99976E-01 2.26921E+02
3.47453E+02 1.07242E-03 4.77584E-01 2.19229E+02
3.55350E+02 1.00921E-03 4.55372E-01 2.11424E+02
3.63247E+02 9.48080E-04 4.33410E-01 2.03533E+02
3.71143E+02 8.89059E-04 4.11740E-01 1.95576E+02
3.79040E+02 8.32194E-04 3.90412E-01 1.87576E+02
3.86937E+02 7.77538E-04 3.69481E-01 1.79560E+02
3.94833E+02 7.25108E-04 3.48988E-01 1.71550E+02
4.02730E+02 6.74977E-04 3.28998E-01 1.63579E+02
4.10627E+02 6.27105E-04 3.09531E-01 1.55663E+02
4.18523E+02 5.81525E-04 2.90636E-01 1.47830E+02
4.26420E+02 5.38212E-04 2.72340E-01 1.40100E+02
4.34317E+02 4.97052E-04 2.54627E-01 1.32478E+02
4.42213E+02 4.58130E-04 2.37571E-01 1.25003E+02
4.50110E+02 4.21457E-04 2.21209E-01 1.17704E+02
4.58007E+02 3.86888E-04 2.05514E-01 1.10578E+02
4.65903E+02 3.54392E-04 1.90504E-01 1.03644E+02
4.73800E+02 3.23950E-04 1.76202E-01 9.69246E+01
4.81697E+02 2.95468E-04 1.62596E-01 9.04248E+01
4.89593E+02 2.68861E-04 1.49676E-01 8.41508E+01
4.97490E+02 2.44111E-04 1.37462E-01 7.81231E+01
5.05387E+02 2.21123E-04 1.25936E-01 7.23441E+01
5.13283E+02 1.99809E-04 1.15081E-01 6.68158E+01
5.21180E+02 1.80072E-04 1.04874E-01 6.15367E+01
5.29077E+02 1.61895E-04 9.53294E-02 5.65251E+01
5.36973E+02 1.45151E-04 8.64055E-02 5.17688E+01
5.44870E+02 1.29787E-04 7.80954E-02 4.72740E+01
5.52767E+02 1.15737E-04 7.03851E-02 4.30428E+01
5.60663E+02 1.02895E-04 6.32368E-02 3.90636E+01
5.68560E+02 9.11944E-05 5.66310E-02 3.53341E+01
5.76457E+02 8.05735E-05 5.05511E-02 3.18537E+01
5.84353E+02 7.09206E-05 4.49491E-02 2.86025E+01
5.92250E+02 6.22181E-05 3.98299E-02 2.55911E+01
6.00147E+02 5.43638E-05 3.51476E-02 2.27998E+01
6.08043E+02 4.73259E-05 3.08965E-02 2.02320E+01
6.15940E+02 4.10063E-05 2.70295E-02 1.78657E+01
6.23837E+02 3.53516E-05 2.35247E-02 1.56934E+01
6.31733E+02 3.03297E-05 2.03724E-02 1.37146E+01
6.39630E+02 2.58646E-05 1.75343E-02 1.19107E+01
6.47527E+02 2.19274E-05 1.50007E-02 1.02803E+01
6.55423E+02 1.84498E-05 1.27354E-02 8.80466E+00
6.63320E+02 1.54064E-05 1.07289E-02 7.48169E+00
6.71217E+02 1.27589E-05 8.96249E-03 6.30314E+00
6.79113E+02 1.04583E-05 7.40937E-03 5.25464E+00
6.87010E+02 8.46918E-06 6.05085E-03 4.32678E+00
6.94907E+02 6.76755E-06 4.87522E-03 3.51456E+00
7.02803E+02 5.32339E-06 3.86609E-03 2.80940E+00
7.10700E+02 4.10556E-06 3.00552E-03 2.20128E+00
7.18597E+02 3.08855E-06 2.27884E-03 1.68205E+00
7.26493E+02 2.25510E-06 1.67675E-03 1.24709E+00
7.34390E+02 1.57993E-06 1.18368E-03 8.87001E-01
7.42287E+02 1.04837E-06 7.91299E-04 5.97352E-01
7.50183E+02 6.42074E-07 4.88187E-04 3.71217E-01
7.58080E+02 3.47409E-07 2.66043E-04 2.03745E-01
7.65976E+02 1.49587E-07 1.15362E-04 8.89703E-02
7.73873E+02 3.74921E-08 2.91142E-05 2.26085E-02
7.81770E+02 0.00000E+00 0.00000E+00 0.00000E+00
