100 2
0.00000E+00 3.36403E-03 1.00001E+00 3.63688E+02
8.17038E+00 3.36403E-03 1.00001E+00 3.63688E+02
1.63408E+01 3.35750E-03 9.99934E-01 3.63687E+02
2.45111E+01 3.35048E-03 9.99789E-01 3.63684E+02
3.26815E+01 3.33777E-03 9.99423E-01 3.63673E+02
4.08519E+01 3.32416E-03 9.98922E-01 3.63655E+02
4.90223E+01 3.30497E-03 9.98055E-01 3.63615E+02
5.71927E+01 3.28511E-03 9.97000E-01 3.63559E+02
6.53631E+01 3.25945E-03 9.95424E-01 3.63462E+02
7.35334E+01 3.23341E-03 9.93615E-01 3.63337E+02
8.17038E+01 3.20119E-03 9.91111E-01 3.63142E+02
8.98742E+01 3.16910E-03 9.88357E-01 3.62905E+02
9.80446E+01 3.13083E-03 9.84759E-01 3.62567E+02
1.06215E+02 3.09290E-03 9.80884E-01 3.62171E+02
1.14385E+02 3.04887E-03 9.76028E-01 3.61635E+02
1.22556E+02 3.00479E-03 9.70802E-01 3.61015E+02
1.30726E+02 2.95569E-03 9.64585E-01 3.60228E+02
1.38897E+02 2.90560E-03 9.57827E-01 3.59315E+02
1.47067E+02 2.85225E-03 9.50200E-01 3.58225E+02
1.55237E+02 2.79618E-03 9.41719E-01 3.56942E+02
1.63408E+02 2.73970E-03 9.32719E-01 3.55508E+02
1.71578E+02 2.67837E-03 9.22449E-01 3.53787E+02
1.79748E+02 2.61663E-03 9.11599E-01 3.51880E+02
1.87919E+02 2.55362E-03 9.00019E-01 3.49752E+02
1.96089E+02 2.48650E-03 8.87133E-01 3.47277E+02
2.04260E+02 2.41919E-03 8.73653E-01 3.44577E+02
2.12430E+02 2.35090E-03 8.59423E-01 3.41611E+02
2.20600E+02 2.28133E-03 8.44361E-01 3.38350E+02
2.28771E+02 2.21042E-03 8.28433E-01 3.34772E+02
2.36941E+02 2.13835E-03 8.11655E-01 3.30865E+02
2.45111E+02 2.06512E-03 7.94004E-01 3.26611E+02
2.53282E+02 1.99184E-03 7.75743E-01 3.22060E+02
2.61452E+02 1.91836E-03 7.56832E-01 3.17192E+02
2.69623E+02 1.84475E-03 7.37285E-01 3.12001E+02
2.77793E+02 1.77098E-03 7.17095E-01 3.06475E+02
2.85963E+02 1.69752E-03 6.96388E-01 3.00638E+02
2.94134E+02 1.62452E-03 6.75215E-01 2.94496E+02
3.02304E+02 1.55214E-03 6.53628E-01 2.88058E+02
3.10475E+02 1.48056E-03 6.31699E-01 2.81339E+02
3.18645E+02 1.40984E-03 6.09452E-01 2.74341E+02
3.26815E+02 1.34022E-03 5.86984E-01 2.67090E+02
3.34986E+02 1.27200E-03 5.64411E-01 2.59620E+02
3.43156E+02 1.20503E-03 5.41705E-01 2.51921E+02
3.51326E+02 1.13958E-03 5.18978E-01 2.44029E+02
3.59497E+02 1.07576E-03 4.96300E-01 2.35969E+02
3.67667E+02 1.01365E-03 4.73719E-01 2.27760E+02
3.75838E+02 9.53356E-04 4.51305E-01 2.19427E+02
3.84008E+02 8.95049E-04 4.29154E-01 2.11012E+02
3.92178E+02 8.38634E-04 4.07261E-01 2.02516E+02
4.00349E+02 7.84278E-04 3.85724E-01 1.93982E+02
4.08519E+02 7.32018E-04 3.64589E-01 1.85434E+02
4.16690E+02 6.81884E-04 3.43905E-01 1.76900E+02
4.24860E+02 6.34048E-04 3.23778E-01 1.68431E+02
4.33030E+02 5.88233E-04 3.04127E-01 1.60003E+02
4.41201E+02 5.44663E-04 2.85084E-01 1.51679E+02
4.49371E+02 5.03245E-04 2.66642E-01 1.43468E+02
4.57541E+02 4.64098E-04 2.48892E-01 1.35419E+02
4.65712E+02 4.26917E-04 2.31730E-01 1.27497E+02
4.73882E+02 3.92033E-04 2.15343E-01 1.19799E+02
4.82053E+02 3.59083E-04 1.99595E-01 1.12272E+02
4.90223E+02 3.28191E-04 1.84579E-01 1.04973E+02
4.98393E+02 2.99321E-04 1.70310E-01 9.79201E+01
5.06564E+02 2.72323E-04 1.56745E-01 9.11048E+01
5.14734E+02 2.47095E-04 1.43864E-01 8.45275E+01
5.22905E+02 2.23741E-04 1.31748E-01 7.82422E+01
5.31075E+02 2.02064E-04 1.20326E-01 7.22233E+01
5.39245E+02 1.81966E-04 1.09571E-01 6.64683E+01
5.47416E+02 1.63510E-04 9.95446E-02 6.10208E+01
5.55586E+02 1.46492E-04 9.01596E-02 5.58454E+01
5.63756E+02 1.30899E-04 8.14340E-02 5.09623E+01
5.71927E+02 1.16558E-04 7.32909E-02 4.63387E+01
5.80097E+02 1.03585E-04 6.58193E-02 4.20353E+01
5.88268E+02 9.16717E-05 5.88606E-02 3.79706E+01
5.96438E+02 8.09123E-05 5.24880E-02 3.41962E+01
6.04608E+02 7.11358E-05 4.66179E-02 3.06715E+01
6.12779E+02 6.22966E-05 4.12381E-02 2.73972E+01
6.20949E+02 5.43599E-05 3.63427E-02 2.43777E+01
6.29120E+02 4.72539E-05 3.19018E-02 2.16022E+01
6.37290E+02 4.08724E-05 2.78615E-02 1.90442E+01
6.45460E+02 3.51890E-05 2.42167E-02 1.67067E+01
6.53631E+02 3.01347E-05 2.09341E-02 1.45748E+01
6.61801E+02 2.56569E-05 1.79894E-02 1.26382E+01
6.69971E+02 2.17280E-05 1.53735E-02 1.08965E+01
6.78142E+02 1.82529E-05 1.30315E-02 9.31812E+00
6.86312E+02 1.52075E-05 1.09541E-02 7.90102E+00
6.94483E+02 1.25710E-05 9.13412E-03 6.64466E+00
7.02653E+02 1.02871E-05 7.53884E-03 5.53039E+00
7.10823E+02 8.31849E-06 6.14778E-03 4.54741E+00
7.18994E+02 6.63401E-06 4.94372E-03 3.68674E+00
7.27164E+02 5.20602E-06 3.91132E-03 2.94035E+00
7.35334E+02 4.00604E-06 3.03398E-03 2.29889E+00
7.43505E+02 3.00995E-06 2.29759E-03 1.75448E+00
7.51675E+02 2.19262E-06 1.68668E-03 1.29786E+00
7.59846E+02 1.53207E-06 1.18756E-03 9.20715E-01
7.68016E+02 1.01443E-06 7.92202E-04 6.18749E-01
7.76186E+02 6.21572E-07 4.88959E-04 3.84676E-01
7.84357E+02 3.35797E-07 2.66056E-04 2.10810E-01
7.92527E+02 1.43734E-07 1.14692E-04 9.15193E-02
8.00698E+02 3.51348E-08 2.82314E-05 2.26846E-02
8.08868E+02 0.00000E+00 0.00000E+00 0.00000E+00
