100 2
0.00000E+00 3.35238E-03 1.00001E+00 3.64742E+02
8.18601E+00 3.35238E-03 1.00001E+00 3.64742E+02
1.63720E+01 3.34572E-03 9.99930E-01 3.64741E+02
2.45580E+01 3.33884E-03 9.99788E-01 3.64738E+02
3.27440E+01 3.32645E-03 9.99429E-01 3.64727E+02
4.09300E+01 3.31258E-03 9.98916E-01 3.64708E+02
4.91161E+01 3.29355E-03 9.98052E-01 3.64669E+02
5.73021E+01 3.27386E-03 9.97001E-01 3.64613E+02
6.54881E+01 3.24898E-03 9.95468E-01 3.64518E+02
7.36741E+01 3.22341E-03 9.93691E-01 3.64394E+02
8.18601E+01 3.19150E-03 9.91208E-01 3.64201E+02
9.00461E+01 3.15960E-03 9.88468E-01 3.63966E+02
9.82321E+01 3.12114E-03 9.84843E-01 3.63624E+02
1.06418E+02 3.08385E-03 9.81025E-01 3.63233E+02
1.14604E+02 3.03994E-03 9.76170E-01 3.62696E+02
1.22790E+02 2.99694E-03 9.71063E-01 3.62089E+02
1.30976E+02 2.94782E-03 9.64832E-01 3.61298E+02
1.39162E+02 2.89783E-03 9.58074E-01 3.60384E+02
1.47348E+02 2.84578E-03 9.50619E-01 3.59316E+02
1.55534E+02 2.78989E-03 9.42150E-01 3.58033E+02
1.63720E+02 2.73330E-03 9.33120E-01 3.56591E+02
1.71906E+02 2.67248E-03 9.22912E-01 3.54878E+02
1.80092E+02 2.61137E-03 9.12150E-01 3.52982E+02
1.88278E+02 2.54819E-03 9.00516E-01 3.50839E+02
1.96464E+02 2.48202E-03 8.87784E-01 3.48389E+02
2.04650E+02 2.41523E-03 8.74385E-01 3.45700E+02
2.12836E+02 2.34745E-03 8.60234E-01 3.42746E+02
2.21022E+02 2.27832E-03 8.45242E-01 3.39494E+02
2.29208E+02 2.20717E-03 8.29229E-01 3.35890E+02
2.37394E+02 2.13554E-03 8.12519E-01 3.31991E+02
2.45580E+02 2.06318E-03 7.95046E-01 3.27772E+02
2.53766E+02 1.98981E-03 7.76728E-01 3.23198E+02
2.61952E+02 1.91664E-03 7.57860E-01 3.18332E+02
2.70138E+02 1.84318E-03 7.38315E-01 3.13132E+02
2.78324E+02 1.76985E-03 7.18207E-01 3.07617E+02
2.86510E+02 1.69664E-03 6.97531E-01 3.01778E+02
2.94696E+02 1.62384E-03 6.76377E-01 2.95630E+02
3.02882E+02 1.55168E-03 6.54815E-01 2.89187E+02
3.11068E+02 1.48017E-03 6.32865E-01 2.82449E+02
3.19254E+02 1.40976E-03 6.10674E-01 2.75455E+02
3.27440E+02 1.34026E-03 5.88203E-01 2.68189E+02
3.35626E+02 1.27206E-03 5.65593E-01 2.60693E+02
3.43812E+02 1.20524E-03 5.42894E-01 2.52982E+02
3.51998E+02 1.13985E-03 5.20146E-01 2.45068E+02
3.60184E+02 1.07602E-03 4.97418E-01 2.36974E+02
3.68370E+02 1.01409E-03 4.74860E-01 2.28757E+02
3.76556E+02 9.53707E-04 4.52369E-01 2.20380E+02
3.84742E+02 8.95459E-04 4.30198E-01 2.11941E+02
3.92928E+02 8.39108E-04 4.08288E-01 2.03421E+02
4.01114E+02 7.84826E-04 3.86739E-01 1.94866E+02
4.09300E+02 7.32525E-04 3.65547E-01 1.86279E+02
4.17486E+02 6.82496E-04 3.44867E-01 1.77731E+02
4.25673E+02 6.34495E-04 3.24632E-01 1.69200E+02
4.33859E+02 5.88765E-04 3.04980E-01 1.60755E+02
4.42045E+02 5.45125E-04 2.85870E-01 1.52386E+02
4.50231E+02 5.03732E-04 2.67404E-01 1.44148E+02
4.58417E+02 4.64465E-04 2.49565E-01 1.36044E+02
4.66603E+02 4.27375E-04 2.32412E-01 1.28111E+02
4.74789E+02 3.92311E-04 2.15909E-01 1.20343E+02
4.82975E+02 3.59459E-04 2.00178E-01 1.12810E+02
4.91161E+02 3.28537E-04 1.85118E-01 1.05476E+02
4.99347E+02 2.99556E-04 1.70767E-01 9.83686E+01
5.07533E+02 2.72527E-04 1.57160E-01 9.15191E+01
5.15719E+02 2.47404E-04 1.44308E-01 8.49441E+01
5.23905E+02 2.23897E-04 1.32090E-01 7.85936E+01
5.32091E+02 2.02265E-04 1.20670E-01 7.25641E+01
5.40277E+02 1.82123E-04 1.09871E-01 6.67742E+01
5.48463E+02 1.63634E-04 9.98067E-02 6.12960E+01
5.56649E+02 1.46661E-04 9.04291E-02 5.61149E+01
5.64835E+02 1.30954E-04 8.16227E-02 5.11773E+01
5.73021E+02 1.16686E-04 7.35062E-02 4.65600E+01
5.81207E+02 1.03606E-04 6.59580E-02 4.22042E+01
5.89393E+02 9.17073E-05 5.89947E-02 3.81288E+01
5.97579E+02 8.09389E-05 5.26045E-02 3.43367E+01
6.05765E+02 7.11766E-05 4.67316E-02 3.08036E+01
6.13951E+02 6.23474E-05 4.13478E-02 2.75207E+01
6.22137E+02 5.43761E-05 3.64218E-02 2.44766E+01
6.30323E+02 4.72389E-05 3.19527E-02 2.16781E+01
6.38509E+02 4.08786E-05 2.79181E-02 1.91187E+01
6.46695E+02 3.51805E-05 2.42569E-02 1.67663E+01
6.54881E+02 3.01387E-05 2.09762E-02 1.46314E+01
6.63067E+02 2.56656E-05 1.80289E-02 1.26895E+01
6.71253E+02 2.17046E-05 1.53867E-02 1.09269E+01
6.79439E+02 1.82413E-05 1.30481E-02 9.34774E+00
6.87625E+02 1.52079E-05 1.09749E-02 7.93087E+00
6.95811E+02 1.25666E-05 9.14809E-03 6.66738E+00
7.03997E+02 1.02806E-05 7.54841E-03 5.54791E+00
7.12183E+02 8.30779E-06 6.15166E-03 4.55902E+00
7.20369E+02 6.63067E-06 4.95056E-03 3.69882E+00
7.28555E+02 5.20317E-06 3.91656E-03 2.94985E+00
7.36741E+02 4.00310E-06 3.03750E-03 2.30592E+00
7.44927E+02 3.00384E-06 2.29734E-03 1.75767E+00
7.53113E+02 2.18621E-06 1.68502E-03 1.29910E+00
7.61299E+02 1.53178E-06 1.18957E-03 9.24014E-01
7.69485E+02 1.01371E-06 7.93140E-04 6.20657E-01
7.77671E+02 6.18252E-07 4.87301E-04 3.84122E-01
7.85857E+02 3.34659E-07 2.65665E-04 2.10906E-01
7.94043E+02 1.43580E-07 1.14787E-04 9.17703E-02
8.02229E+02 3.57560E-08 2.87836E-05 2.31710E-02
8.10415E+02 0.00000E+00 0.00000E+00 0.00000E+00
