100 2
0.00000E+00 3.48742E-03 1.00001E+00 3.52848E+02
8.00618E+00 3.48662E-03 1.00001E+00 3.52848E+02
1.60124E+01 3.48013E-03 9.99929E-01 3.52847E+02
2.40185E+01 3.47198E-03 9.99762E-01 3.52844E+02
3.20247E+01 3.45813E-03 9.99372E-01 3.52833E+02
4.00309E+01 3.44299E-03 9.98823E-01 3.52813E+02
4.80371E+01 3.42185E-03 9.97891E-01 3.52772E+02
5.60432E+01 3.39944E-03 9.96721E-01 3.52710E+02
6.40494E+01 3.37173E-03 9.95057E-01 3.52610E+02
7.20556E+01 3.34204E-03 9.93033E-01 3.52472E+02
8.00618E+01 3.30752E-03 9.90407E-01 3.52272E+02
8.80679E+01 3.27063E-03 9.87300E-01 3.52010E+02
9.60741E+01 3.23047E-03 9.83602E-01 3.51670E+02
1.04080E+02 3.18671E-03 9.79216E-01 3.51230E+02
1.12086E+02 3.14094E-03 9.74269E-01 3.50695E+02
1.20093E+02 3.09066E-03 9.68429E-01 3.50016E+02
1.28099E+02 3.03930E-03 9.62053E-01 3.49225E+02
1.36105E+02 2.98363E-03 9.54700E-01 3.48253E+02
1.44111E+02 2.92618E-03 9.46645E-01 3.47123E+02
1.52117E+02 2.86670E-03 9.37837E-01 3.45819E+02
1.60124E+02 2.80360E-03 9.27984E-01 3.44280E+02
1.68130E+02 2.73922E-03 9.17413E-01 3.42544E+02
1.76136E+02 2.67331E-03 9.06069E-01 3.40591E+02
1.84142E+02 2.60454E-03 8.93681E-01 3.38359E+02
1.92148E+02 2.53437E-03 8.80475E-01 3.35874E+02
2.00154E+02 2.46302E-03 8.66477E-01 3.33127E+02
2.08161E+02 2.39049E-03 8.51668E-01 3.30103E+02
2.16167E+02 2.31663E-03 8.35999E-01 3.26778E+02
2.24173E+02 2.24153E-03 8.19463E-01 3.23137E+02
2.32179E+02 2.16600E-03 8.02228E-01 3.19204E+02
2.40185E+02 2.09002E-03 7.84283E-01 3.14965E+02
2.48191E+02 2.01369E-03 7.65643E-01 3.10412E+02
2.56198E+02 1.93709E-03 7.46325E-01 3.05540E+02
2.64204E+02 1.86063E-03 7.26429E-01 3.00363E+02
2.72210E+02 1.78431E-03 7.05961E-01 2.94873E+02
2.80216E+02 1.70851E-03 6.85025E-01 2.89090E+02
2.88222E+02 1.63312E-03 6.63597E-01 2.82999E+02
2.96229E+02 1.55869E-03 6.41847E-01 2.76643E+02
3.04235E+02 1.48521E-03 6.19786E-01 2.70019E+02
3.12241E+02 1.41290E-03 5.97497E-01 2.63149E+02
3.20247E+02 1.34174E-03 5.74996E-01 2.56033E+02
3.28253E+02 1.27217E-03 5.52438E-01 2.48718E+02
3.36259E+02 1.20413E-03 5.29831E-01 2.41207E+02
3.44266E+02 1.13760E-03 5.07198E-01 2.33506E+02
3.52272E+02 1.07307E-03 4.84723E-01 2.25679E+02
3.60278E+02 1.01031E-03 4.62364E-01 2.17713E+02
3.68284E+02 9.49532E-04 4.40226E-01 2.09648E+02
3.76290E+02 8.90845E-04 4.18379E-01 2.01515E+02
3.84296E+02 8.34146E-04 3.96818E-01 1.93316E+02
3.92303E+02 7.79615E-04 3.75645E-01 1.85095E+02
4.00309E+02 7.27311E-04 3.54918E-01 1.76881E+02
4.08315E+02 6.77211E-04 3.34664E-01 1.68692E+02
4.16321E+02 6.29393E-04 3.14949E-01 1.60564E+02
4.24327E+02 5.83736E-04 2.95760E-01 1.52499E+02
4.32334E+02 5.40314E-04 2.77162E-01 1.44533E+02
4.40340E+02 4.99123E-04 2.59191E-01 1.36692E+02
4.48346E+02 4.60089E-04 2.41848E-01 1.28986E+02
4.56352E+02 4.23317E-04 2.25215E-01 1.21463E+02
4.64358E+02 3.88606E-04 2.09238E-01 1.14108E+02
4.72364E+02 3.55900E-04 1.93921E-01 1.06935E+02
4.80371E+02 3.25397E-04 1.79392E-01 1.00014E+02
4.88377E+02 2.96682E-04 1.65484E-01 9.32781E+01
4.96383E+02 2.69947E-04 1.52321E-01 8.67975E+01
5.04389E+02 2.45089E-04 1.39884E-01 8.05743E+01
5.12395E+02 2.21913E-04 1.28103E-01 7.45855E+01
5.20401E+02 2.00532E-04 1.17063E-01 6.88849E+01
5.28408E+02 1.80639E-04 1.06632E-01 6.34153E+01
5.36414E+02 1.62412E-04 9.69284E-02 5.82496E+01
5.44420E+02 1.45521E-04 8.78017E-02 5.33178E+01
5.52426E+02 1.30103E-04 7.93464E-02 4.86811E+01
5.60432E+02 1.15980E-04 7.14889E-02 4.43093E+01
5.68439E+02 1.03067E-04 6.42012E-02 4.01963E+01
5.76445E+02 9.13211E-05 5.74785E-02 3.63484E+01
5.84451E+02 8.05914E-05 5.12512E-02 3.27342E+01
5.92457E+02 7.09357E-05 4.55698E-02 2.93912E+01
6.00463E+02 6.21954E-05 4.03572E-02 2.62825E+01
6.08469E+02 5.43134E-05 3.55933E-02 2.34032E+01
6.16476E+02 4.72322E-05 3.12568E-02 2.07474E+01
6.24482E+02 4.08972E-05 2.73265E-02 1.83090E+01
6.32488E+02 3.52446E-05 2.37743E-02 1.60767E+01
6.40494E+02 3.02202E-05 2.05768E-02 1.40417E+01
6.48500E+02 2.57678E-05 1.77076E-02 1.21928E+01
6.56506E+02 2.18261E-05 1.51360E-02 1.05150E+01
6.64513E+02 1.83488E-05 1.28396E-02 8.99841E+00
6.72519E+02 1.53085E-05 1.08072E-02 7.63988E+00
6.80525E+02 1.26687E-05 9.02159E-03 6.43198E+00
6.88531E+02 1.03787E-05 7.45417E-03 5.35916E+00
6.96537E+02 8.39888E-06 6.08328E-03 4.40989E+00
7.04544E+02 6.70677E-06 4.89804E-03 3.57968E+00
7.12550E+02 5.27106E-06 3.88092E-03 2.85910E+00
7.20556E+02 4.06182E-06 3.01458E-03 2.23842E+00
7.28562E+02 3.05184E-06 2.28292E-03 1.70837E+00
7.36568E+02 2.22671E-06 1.67856E-03 1.26572E+00
7.44574E+02 1.56132E-06 1.18590E-03 9.00946E-01
7.52581E+02 1.03505E-06 7.92053E-04 6.06193E-01
7.60587E+02 6.33440E-07 4.88290E-04 3.76435E-01
7.68593E+02 3.41890E-07 2.65448E-04 2.06108E-01
7.76599E+02 1.47173E-07 1.15074E-04 8.99784E-02
7.84605E+02 3.64415E-08 2.86917E-05 2.25901E-02
7.92611E+02 0.00000E+00 0.00000E+00 0.00000E+00
