100 2
0.00000E+00 3.37071E-03 1.00001E+00 3.63102E+02
8.16168E+00 3.36935E-03 1.00000E+00 3.63102E+02
1.63234E+01 3.36409E-03 9.99936E-01 3.63101E+02
2.44850E+01 3.35630E-03 9.99773E-01 3.63098E+02
3.26467E+01 3.34402E-03 9.99418E-01 3.63087E+02
4.08084E+01 3.33001E-03 9.98899E-01 3.63068E+02
4.89701E+01 3.31128E-03 9.98054E-01 3.63030E+02
5.71317E+01 3.29063E-03 9.96955E-01 3.62971E+02
6.52934E+01 3.26556E-03 9.95417E-01 3.62877E+02
7.34551E+01 3.23852E-03 9.93538E-01 3.62746E+02
8.16168E+01 3.20721E-03 9.91108E-01 3.62557E+02
8.97784E+01 3.17369E-03 9.88232E-01 3.62310E+02
9.79401E+01 3.13622E-03 9.84711E-01 3.61979E+02
1.06102E+02 3.09711E-03 9.80716E-01 3.61571E+02
1.14263E+02 3.05392E-03 9.75956E-01 3.61046E+02
1.22425E+02 3.00896E-03 9.70632E-01 3.60415E+02
1.30587E+02 2.96025E-03 9.64469E-01 3.59635E+02
1.38749E+02 2.90971E-03 9.57659E-01 3.58718E+02
1.46910E+02 2.85679E-03 9.50102E-01 3.57638E+02
1.55072E+02 2.80007E-03 9.41537E-01 3.56344E+02
1.63234E+02 2.74233E-03 9.32345E-01 3.54881E+02
1.71395E+02 2.68178E-03 9.22213E-01 3.53185E+02
1.79557E+02 2.61960E-03 9.11298E-01 3.51269E+02
1.87719E+02 2.55550E-03 8.99528E-01 3.49107E+02
1.95880E+02 2.48945E-03 8.86858E-01 3.46676E+02
2.04042E+02 2.42146E-03 8.73260E-01 3.43956E+02
2.12204E+02 2.35295E-03 8.58999E-01 3.40987E+02
2.20365E+02 2.28285E-03 8.43837E-01 3.37707E+02
2.28527E+02 2.21158E-03 8.27840E-01 3.34117E+02
2.36689E+02 2.13937E-03 8.11045E-01 3.30210E+02
2.44850E+02 2.06641E-03 7.93476E-01 3.25979E+02
2.53012E+02 1.99314E-03 7.75238E-01 3.21439E+02
2.61174E+02 1.91941E-03 7.56283E-01 3.16565E+02
2.69335E+02 1.84547E-03 7.36670E-01 3.11362E+02
2.77497E+02 1.77164E-03 7.16482E-01 3.05842E+02
2.85659E+02 1.69802E-03 6.95754E-01 3.00005E+02
2.93820E+02 1.62496E-03 6.74585E-01 2.93871E+02
3.01982E+02 1.55247E-03 6.52990E-01 2.87438E+02
3.10144E+02 1.48072E-03 6.31031E-01 2.80717E+02
3.18305E+02 1.41000E-03 6.08811E-01 2.73735E+02
3.26467E+02 1.34031E-03 5.86344E-01 2.66492E+02
3.34629E+02 1.27193E-03 5.63741E-01 2.59020E+02
3.42790E+02 1.20484E-03 5.41019E-01 2.51324E+02
3.50952E+02 1.13937E-03 5.18310E-01 2.43446E+02
3.59114E+02 1.07559E-03 4.95666E-01 2.35407E+02
3.67275E+02 1.01336E-03 4.73067E-01 2.27200E+02
3.75437E+02 9.53124E-04 4.50699E-01 2.18893E+02
3.83599E+02 8.94711E-04 4.28531E-01 2.10480E+02
3.91760E+02 8.38400E-04 4.06702E-01 2.02018E+02
3.99922E+02 7.83996E-04 3.85168E-01 1.93494E+02
4.08084E+02 7.31750E-04 3.64062E-01 1.84967E+02
4.16246E+02 6.81690E-04 3.43431E-01 1.76464E+02
4.24407E+02 6.33778E-04 3.23294E-01 1.68001E+02
4.32569E+02 5.87974E-04 3.03669E-01 1.59592E+02
4.40731E+02 5.44398E-04 2.84643E-01 1.51285E+02
4.48892E+02 5.03014E-04 2.66237E-01 1.43098E+02
4.57054E+02 4.63829E-04 2.48488E-01 1.35059E+02
4.65216E+02 4.26775E-04 2.31403E-01 1.27181E+02
4.73377E+02 3.91793E-04 2.14988E-01 1.19477E+02
4.81539E+02 3.58917E-04 1.99292E-01 1.11984E+02
4.89701E+02 3.28079E-04 1.84318E-01 1.04713E+02
4.97862E+02 2.99128E-04 1.70024E-01 9.76555E+01
5.06024E+02 2.72146E-04 1.56482E-01 9.08586E+01
5.14186E+02 2.47002E-04 1.43657E-01 8.43170E+01
5.22347E+02 2.23606E-04 1.31533E-01 7.80341E+01
5.30509E+02 2.01928E-04 1.20122E-01 7.20274E+01
5.38671E+02 1.81926E-04 1.09430E-01 6.63119E+01
5.46832E+02 1.63441E-04 9.93984E-02 6.08676E+01
5.54994E+02 1.46458E-04 9.00430E-02 5.57141E+01
5.63156E+02 1.30853E-04 8.13198E-02 5.08377E+01
5.71317E+02 1.16542E-04 7.32028E-02 4.62338E+01
5.79479E+02 1.03509E-04 6.57044E-02 4.19196E+01
5.87641E+02 9.16461E-05 5.87826E-02 3.78807E+01
5.95802E+02 8.08670E-05 5.24051E-02 3.41074E+01
6.03964E+02 7.11062E-05 4.65504E-02 3.05956E+01
6.12126E+02 6.23222E-05 4.12101E-02 2.73488E+01
6.20287E+02 5.43620E-05 3.63056E-02 2.43270E+01
6.28449E+02 4.72303E-05 3.18533E-02 2.15474E+01
6.36611E+02 4.08562E-05 2.78219E-02 1.89976E+01
6.44772E+02 3.51919E-05 2.41932E-02 1.66729E+01
6.52934E+02 3.01409E-05 2.09162E-02 1.45469E+01
6.61096E+02 2.56693E-05 1.79787E-02 1.26171E+01
6.69258E+02 2.17255E-05 1.53558E-02 1.08727E+01
6.77419E+02 1.82532E-05 1.30181E-02 9.29882E+00
6.85581E+02 1.52172E-05 1.09493E-02 7.88912E+00
6.93743E+02 1.25843E-05 9.13383E-03 6.63721E+00
7.01904E+02 1.02872E-05 7.53106E-03 5.51893E+00
7.10066E+02 8.31922E-06 6.14189E-03 4.53831E+00
7.18228E+02 6.63550E-06 4.93963E-03 3.67983E+00
7.26389E+02 5.21067E-06 3.91062E-03 2.93667E+00
7.34551E+02 4.01047E-06 3.03407E-03 2.29649E+00
7.42713E+02 3.01208E-06 2.29676E-03 1.75199E+00
7.50874E+02 2.19275E-06 1.68501E-03 1.29521E+00
7.59036E+02 1.53521E-06 1.18870E-03 9.20597E-01
7.67198E+02 1.01606E-06 7.92626E-04 6.18414E-01
7.75359E+02 6.21078E-07 4.88061E-04 3.83568E-01
7.83521E+02 3.34241E-07 2.64555E-04 2.09409E-01
7.91683E+02 1.43181E-07 1.14132E-04 9.09792E-02
7.99844E+02 3.56077E-08 2.85798E-05 2.29392E-02
8.08006E+02 0.00000E+00 0.00000E+00 0.00000E+00
