100 2
0.00000E+00 3.38980E-03 1.00001E+00 3.61375E+02
8.13590E+00 3.38952E-03 1.00001E+00 3.61375E+02
1.62718E+01 3.38327E-03 9.99935E-01 3.61374E+02
2.44077E+01 3.37620E-03 9.99792E-01 3.61371E+02
3.25436E+01 3.36297E-03 9.99414E-01 3.61361E+02
4.06795E+01 3.34905E-03 9.98903E-01 3.61342E+02
4.88154E+01 3.32942E-03 9.98022E-01 3.61302E+02
5.69513E+01 3.30921E-03 9.96953E-01 3.61245E+02
6.50872E+01 3.28278E-03 9.95338E-01 3.61147E+02
7.32231E+01 3.25608E-03 9.93490E-01 3.61019E+02
8.13590E+01 3.22348E-03 9.90968E-01 3.60823E+02
8.94949E+01 3.19052E-03 9.88151E-01 3.60582E+02
9.76308E+01 3.15161E-03 9.84510E-01 3.60241E+02
1.05767E+02 3.11272E-03 9.80552E-01 3.59838E+02
1.13903E+02 3.06798E-03 9.75640E-01 3.59299E+02
1.22038E+02 3.02262E-03 9.70284E-01 3.58666E+02
1.30174E+02 2.97319E-03 9.64052E-01 3.57880E+02
1.38310E+02 2.92151E-03 9.57106E-01 3.56947E+02
1.46446E+02 2.86814E-03 9.49510E-01 3.55865E+02
1.54582E+02 2.81078E-03 9.40873E-01 3.54564E+02
1.62718E+02 2.75305E-03 9.31712E-01 3.53110E+02
1.70854E+02 2.69105E-03 9.21374E-01 3.51386E+02
1.78990E+02 2.62785E-03 9.10311E-01 3.49449E+02
1.87126E+02 2.56420E-03 8.98659E-01 3.47316E+02
1.95262E+02 2.49698E-03 8.85811E-01 3.44860E+02
2.03397E+02 2.42820E-03 8.72100E-01 3.42126E+02
2.11533E+02 2.35878E-03 8.57691E-01 3.39135E+02
2.19669E+02 2.28823E-03 8.42479E-01 3.35854E+02
2.27805E+02 2.21661E-03 8.26456E-01 3.32269E+02
2.35941E+02 2.14366E-03 8.09541E-01 3.28347E+02
2.44077E+02 2.07000E-03 7.91860E-01 3.24102E+02
2.52213E+02 1.99658E-03 7.73641E-01 3.19581E+02
2.60349E+02 1.92213E-03 7.54561E-01 3.14691E+02
2.68485E+02 1.84789E-03 7.34931E-01 3.09500E+02
2.76621E+02 1.77373E-03 7.14717E-01 3.03990E+02
2.84756E+02 1.69964E-03 6.93923E-01 2.98153E+02
2.92892E+02 1.62619E-03 6.72708E-01 2.92026E+02
3.01028E+02 1.55330E-03 6.51065E-01 2.85598E+02
3.09164E+02 1.48136E-03 6.29117E-01 2.78902E+02
3.17300E+02 1.41024E-03 6.06838E-01 2.71923E+02
3.25436E+02 1.34042E-03 5.84402E-01 2.64712E+02
3.33572E+02 1.27190E-03 5.61825E-01 2.57273E+02
3.41708E+02 1.20462E-03 5.39109E-01 2.49603E+02
3.49844E+02 1.13904E-03 5.16436E-01 2.41764E+02
3.57979E+02 1.07502E-03 4.93779E-01 2.33745E+02
3.66115E+02 1.01281E-03 4.71257E-01 2.25591E+02
3.74251E+02 9.52412E-04 4.48900E-01 2.17315E+02
3.82387E+02 8.94021E-04 4.26812E-01 2.08959E+02
3.90523E+02 8.37534E-04 4.04983E-01 2.00523E+02
3.98659E+02 7.83206E-04 3.83547E-01 1.92065E+02
4.06795E+02 7.30884E-04 3.62477E-01 1.83580E+02
4.14931E+02 6.80835E-04 3.41916E-01 1.75132E+02
4.23067E+02 6.32908E-04 3.21835E-01 1.66719E+02
4.31203E+02 5.87184E-04 3.02307E-01 1.58378E+02
4.39338E+02 5.43695E-04 2.83379E-01 1.50140E+02
4.47474E+02 5.02321E-04 2.65035E-01 1.42007E+02
4.55610E+02 4.63112E-04 2.47332E-01 1.34013E+02
4.63746E+02 4.26146E-04 2.30341E-01 1.26203E+02
4.71882E+02 3.91172E-04 2.13981E-01 1.18551E+02
4.80018E+02 3.58310E-04 1.98342E-01 1.11107E+02
4.88154E+02 3.27512E-04 1.83433E-01 1.03891E+02
4.96290E+02 2.98676E-04 1.69241E-01 9.69054E+01
5.04426E+02 2.71760E-04 1.55775E-01 9.01680E+01
5.12562E+02 2.46625E-04 1.42995E-01 8.36702E+01
5.20697E+02 2.23268E-04 1.30929E-01 7.74370E+01
5.28833E+02 2.01704E-04 1.19614E-01 7.14997E+01
5.36969E+02 1.81700E-04 1.08955E-01 6.58201E+01
5.45105E+02 1.63257E-04 9.89780E-02 6.04225E+01
5.53241E+02 1.46280E-04 8.96561E-02 5.53037E+01
5.61377E+02 1.30705E-04 8.09771E-02 5.04673E+01
5.69513E+02 1.16446E-04 7.29153E-02 4.59093E+01
5.77649E+02 1.03417E-04 6.54429E-02 4.16236E+01
5.85785E+02 9.15609E-05 5.85466E-02 3.76123E+01
5.93921E+02 8.08033E-05 5.22019E-02 3.38701E+01
6.02056E+02 7.10442E-05 4.63666E-02 3.03810E+01
6.10192E+02 6.22697E-05 4.10487E-02 2.71579E+01
6.18328E+02 5.43502E-05 3.61847E-02 2.41705E+01
6.26464E+02 4.72422E-05 3.17613E-02 2.14177E+01
6.34600E+02 4.08699E-05 2.77438E-02 1.88849E+01
6.42736E+02 3.51873E-05 2.41150E-02 1.65675E+01
6.50872E+02 3.01436E-05 2.08531E-02 1.44579E+01
6.59008E+02 2.56806E-05 1.79305E-02 1.25440E+01
6.67144E+02 2.17300E-05 1.53112E-02 1.08074E+01
6.75279E+02 1.82690E-05 1.29885E-02 9.24860E+00
6.83415E+02 1.52268E-05 1.09220E-02 7.84493E+00
6.91551E+02 1.25909E-05 9.11013E-03 6.59941E+00
6.99687E+02 1.03049E-05 7.52019E-03 5.49357E+00
7.07823E+02 8.33620E-06 6.13495E-03 4.51884E+00
7.15959E+02 6.64683E-06 4.93250E-03 3.66295E+00
7.24095E+02 5.21771E-06 3.90364E-03 2.92225E+00
7.32231E+02 4.01672E-06 3.02926E-03 2.28566E+00
7.40367E+02 3.01864E-06 2.29452E-03 1.74476E+00
7.48503E+02 2.19789E-06 1.68364E-03 1.29008E+00
7.56638E+02 1.53774E-06 1.18692E-03 9.16335E-01
7.64774E+02 1.01907E-06 7.92463E-04 6.16333E-01
7.72910E+02 6.23552E-07 4.88452E-04 3.82658E-01
7.81046E+02 3.36661E-07 2.65618E-04 2.09578E-01
7.89182E+02 1.44482E-07 1.14801E-04 9.12194E-02
7.97318E+02 3.54534E-08 2.83668E-05 2.26968E-02
8.05454E+02 0.00000E+00 0.00000E+00 0.00000E+00
