100 2
0.00000E+00 3.43507E-03 1.00001E+00 3.57417E+02
8.07620E+00 3.43317E-03 1.00000E+00 3.57417E+02
1.61524E+01 3.42815E-03 9.99939E-01 3.57416E+02
2.42286E+01 3.41917E-03 9.99754E-01 3.57413E+02
3.23048E+01 3.40708E-03 9.99409E-01 3.57403E+02
4.03810E+01 3.39125E-03 9.98829E-01 3.57381E+02
4.84572E+01 3.37225E-03 9.97981E-01 3.57343E+02
5.65334E+01 3.34962E-03 9.96789E-01 3.57280E+02
6.46096E+01 3.32401E-03 9.95233E-01 3.57186E+02
7.26858E+01 3.29458E-03 9.93209E-01 3.57046E+02
8.07620E+01 3.26248E-03 9.90743E-01 3.56857E+02
8.88383E+01 3.22677E-03 9.87711E-01 3.56599E+02
9.69145E+01 3.18812E-03 9.84118E-01 3.56265E+02
1.04991E+02 3.14636E-03 9.79901E-01 3.55839E+02
1.13067E+02 3.10176E-03 9.75037E-01 3.55308E+02
1.21143E+02 3.05433E-03 9.69484E-01 3.54658E+02
1.29219E+02 3.00326E-03 9.63090E-01 3.53857E+02
1.37295E+02 2.95014E-03 9.56008E-01 3.52913E+02
1.45372E+02 2.89440E-03 9.48127E-01 3.51798E+02
1.53448E+02 2.83680E-03 9.39520E-01 3.50512E+02
1.61524E+02 2.77628E-03 9.29990E-01 3.49011E+02
1.69600E+02 2.71322E-03 9.19548E-01 3.47281E+02
1.77677E+02 2.64887E-03 9.08374E-01 3.45340E+02
1.85753E+02 2.58249E-03 8.96312E-01 3.43148E+02
1.93829E+02 2.51395E-03 8.83302E-01 3.40678E+02
2.01905E+02 2.44431E-03 8.69520E-01 3.37951E+02
2.09981E+02 2.37360E-03 8.54958E-01 3.34951E+02
2.18058E+02 2.30110E-03 8.39442E-01 3.31630E+02
2.26134E+02 2.22795E-03 8.23195E-01 3.28021E+02
2.34210E+02 2.15391E-03 8.06152E-01 3.24098E+02
2.42286E+02 2.07921E-03 7.88355E-01 3.19857E+02
2.50362E+02 2.00418E-03 7.69873E-01 3.15304E+02
2.58439E+02 1.92890E-03 7.50720E-01 3.10431E+02
2.66515E+02 1.85359E-03 7.30954E-01 3.05243E+02
2.74591E+02 1.77841E-03 7.10614E-01 2.99739E+02
2.82667E+02 1.70358E-03 6.89766E-01 2.93930E+02
2.90743E+02 1.62928E-03 6.68462E-01 2.87822E+02
2.98820E+02 1.55571E-03 6.46776E-01 2.81429E+02
3.06896E+02 1.48295E-03 6.24743E-01 2.74756E+02
3.14972E+02 1.41140E-03 6.02495E-01 2.67838E+02
3.23048E+02 1.34089E-03 5.80003E-01 2.60663E+02
3.31124E+02 1.27177E-03 5.57397E-01 2.53269E+02
3.39201E+02 1.20422E-03 5.34758E-01 2.45681E+02
3.47277E+02 1.13827E-03 5.12120E-01 2.37911E+02
3.55353E+02 1.07401E-03 4.89547E-01 2.29981E+02
3.63429E+02 1.01151E-03 4.67087E-01 2.21909E+02
3.71505E+02 9.50900E-04 4.44816E-01 2.13725E+02
3.79582E+02 8.92342E-04 4.22826E-01 2.05467E+02
3.87658E+02 8.35796E-04 4.01135E-01 1.97146E+02
3.95734E+02 7.81373E-04 3.79818E-01 1.88797E+02
4.03810E+02 7.29160E-04 3.58946E-01 1.80453E+02
4.11886E+02 6.79042E-04 3.38507E-01 1.72117E+02
4.19963E+02 6.31105E-04 3.18571E-01 1.63825E+02
4.28039E+02 5.85471E-04 2.99223E-01 1.55622E+02
4.36115E+02 5.42067E-04 2.80471E-01 1.47520E+02
4.44191E+02 5.00732E-04 2.62278E-01 1.39513E+02
4.52267E+02 4.61660E-04 2.44767E-01 1.31665E+02
4.60344E+02 4.24743E-04 2.27923E-01 1.23979E+02
4.68420E+02 3.89934E-04 2.11759E-01 1.16474E+02
4.76496E+02 3.57167E-04 1.96280E-01 1.09161E+02
4.84572E+02 3.26450E-04 1.81521E-01 1.02069E+02
4.92649E+02 2.97730E-04 1.67489E-01 9.52135E+01
5.00725E+02 2.70820E-04 1.54125E-01 8.85759E+01
5.08801E+02 2.45866E-04 1.41530E-01 8.22189E+01
5.16877E+02 2.22660E-04 1.29630E-01 7.61169E+01
5.24953E+02 2.01082E-04 1.18391E-01 7.02627E+01
5.33030E+02 1.81201E-04 1.07875E-01 6.47006E+01
5.41106E+02 1.62802E-04 9.79952E-02 5.93947E+01
5.49182E+02 1.45931E-04 8.87991E-02 5.43820E+01
5.57258E+02 1.30374E-04 8.01936E-02 4.96217E+01
5.65334E+02 1.16177E-04 7.22255E-02 4.51496E+01
5.73411E+02 1.03236E-04 6.48580E-02 4.09551E+01
5.81487E+02 9.14094E-05 5.80294E-02 3.70123E+01
5.89563E+02 8.06918E-05 5.17546E-02 3.33386E+01
5.97639E+02 7.10074E-05 4.60067E-02 2.99269E+01
6.05715E+02 6.22350E-05 4.07293E-02 2.67521E+01
6.13792E+02 5.43284E-05 3.59089E-02 2.38132E+01
6.21868E+02 4.72261E-05 3.15214E-02 2.11028E+01
6.29944E+02 4.08726E-05 2.75452E-02 1.86143E+01
6.38020E+02 3.52054E-05 2.39528E-02 1.63370E+01
6.46096E+02 3.01740E-05 2.07227E-02 1.42634E+01
6.54173E+02 2.57102E-05 1.78210E-02 1.23771E+01
6.62249E+02 2.17557E-05 1.52184E-02 1.06642E+01
6.70325E+02 1.82984E-05 1.29151E-02 9.12971E+00
6.78401E+02 1.52649E-05 1.08697E-02 7.75050E+00
6.86477E+02 1.26246E-05 9.06807E-03 6.52114E+00
6.94554E+02 1.03355E-05 7.48761E-03 5.42995E+00
7.02630E+02 8.36399E-06 6.11056E-03 4.46809E+00
7.10706E+02 6.67560E-06 4.91762E-03 3.62520E+00
7.18782E+02 5.24276E-06 3.89367E-03 2.89346E+00
7.26858E+02 4.03791E-06 3.02293E-03 2.26417E+00
7.34935E+02 3.03340E-06 2.28888E-03 1.72775E+00
7.43011E+02 2.20978E-06 1.68036E-03 1.27815E+00
7.51087E+02 1.54801E-06 1.18609E-03 9.08971E-01
7.59163E+02 1.02600E-06 7.91997E-04 6.11453E-01
7.67239E+02 6.26112E-07 4.86878E-04 3.78643E-01
7.75316E+02 3.37004E-07 2.63956E-04 2.06752E-01
7.83392E+02 1.43955E-07 1.13552E-04 8.95723E-02
7.91468E+02 3.61517E-08 2.87123E-05 2.28039E-02
7.99544E+02 0.00000E+00 0.00000E+00 0.00000E+00
