100 2
0.00000E+00 3.57200E-03 1.00001E+00 3.45798E+02
7.89552E+00 3.56933E-03 1.00000E+00 3.45798E+02
1.57910E+01 3.56423E-03 9.99936E-01 3.45797E+02
2.36865E+01 3.55357E-03 9.99723E-01 3.45793E+02
3.15821E+01 3.54089E-03 9.99368E-01 3.45783E+02
3.94776E+01 3.52245E-03 9.98710E-01 3.45759E+02
4.73731E+01 3.50178E-03 9.97806E-01 3.45720E+02
5.52686E+01 3.47686E-03 9.96527E-01 3.45654E+02
6.31641E+01 3.44846E-03 9.94841E-01 3.45554E+02
7.10596E+01 3.41600E-03 9.92665E-01 3.45408E+02
7.89552E+01 3.37951E-03 9.89922E-01 3.45201E+02
8.68507E+01 3.34080E-03 9.86712E-01 3.44935E+02
9.47462E+01 3.29739E-03 9.82766E-01 3.44576E+02
1.02642E+02 3.25226E-03 9.78310E-01 3.44136E+02
1.10537E+02 3.20229E-03 9.72984E-01 3.43568E+02
1.18433E+02 3.15058E-03 9.67059E-01 3.42889E+02
1.26328E+02 3.09578E-03 9.60354E-01 3.42068E+02
1.34224E+02 3.03691E-03 9.52683E-01 3.41068E+02
1.42119E+02 2.97687E-03 9.44382E-01 3.39920E+02
1.50015E+02 2.91445E-03 9.35268E-01 3.38589E+02
1.57910E+02 2.84793E-03 9.25024E-01 3.37011E+02
1.65806E+02 2.78094E-03 9.14176E-01 3.35254E+02
1.73701E+02 2.71196E-03 9.02466E-01 3.33266E+02
1.81597E+02 2.64082E-03 8.89830E-01 3.31021E+02
1.89492E+02 2.56726E-03 8.76180E-01 3.28488E+02
1.97388E+02 2.49319E-03 8.61849E-01 3.25715E+02
2.05283E+02 2.41764E-03 8.46636E-01 3.22651E+02
2.13179E+02 2.34147E-03 8.30697E-01 3.19316E+02
2.21074E+02 2.26427E-03 8.13934E-01 3.15675E+02
2.28970E+02 2.18628E-03 7.96386E-01 3.11726E+02
2.36865E+02 2.10791E-03 7.78133E-01 3.07474E+02
2.44761E+02 2.02939E-03 7.59224E-01 3.02921E+02
2.52657E+02 1.95090E-03 7.39702E-01 2.98065E+02
2.60552E+02 1.87250E-03 7.19585E-01 2.92902E+02
2.68448E+02 1.79448E-03 6.98949E-01 2.87444E+02
2.76343E+02 1.71703E-03 6.77852E-01 2.81697E+02
2.84239E+02 1.64032E-03 6.56352E-01 2.75670E+02
2.92134E+02 1.56447E-03 6.34495E-01 2.69371E+02
3.00030E+02 1.48976E-03 6.12374E-01 2.62821E+02
3.07925E+02 1.41634E-03 5.90058E-01 2.56038E+02
3.15821E+02 1.34416E-03 5.67547E-01 2.49018E+02
3.23716E+02 1.27355E-03 5.44972E-01 2.41799E+02
3.31612E+02 1.20469E-03 5.22410E-01 2.34406E+02
3.39507E+02 1.13753E-03 4.99875E-01 2.26844E+02
3.47403E+02 1.07250E-03 4.77538E-01 2.19173E+02
3.55298E+02 1.00928E-03 4.55330E-01 2.11370E+02
3.63194E+02 9.48031E-04 4.33327E-01 2.03466E+02
3.71089E+02 8.89026E-04 4.11665E-01 1.95513E+02
3.78985E+02 8.32105E-04 3.90319E-01 1.87507E+02
3.86880E+02 7.77486E-04 3.69405E-01 1.79499E+02
3.94776E+02 7.25075E-04 3.48922E-01 1.71494E+02
4.02671E+02 6.74944E-04 3.28935E-01 1.63525E+02
4.10567E+02 6.27111E-04 3.09487E-01 1.55617E+02
4.18462E+02 5.81433E-04 2.90554E-01 1.47770E+02
4.26358E+02 5.38259E-04 2.72319E-01 1.40067E+02
4.34253E+02 4.97017E-04 2.54574E-01 1.32432E+02
4.42149E+02 4.58148E-04 2.37543E-01 1.24969E+02
4.50044E+02 4.21403E-04 2.21152E-01 1.17658E+02
4.57940E+02 3.86877E-04 2.05479E-01 1.10543E+02
4.65835E+02 3.54391E-04 1.90475E-01 1.03613E+02
4.73731E+02 3.23921E-04 1.76162E-01 9.68894E+01
4.81626E+02 2.95420E-04 1.62549E-01 9.03872E+01
4.89522E+02 2.68857E-04 1.49652E-01 8.41250E+01
4.97418E+02 2.44102E-04 1.37437E-01 7.80979E+01
5.05313E+02 2.21084E-04 1.25898E-01 7.23131E+01
5.13209E+02 1.99780E-04 1.15050E-01 6.67888E+01
5.21104E+02 1.80044E-04 1.04844E-01 6.15114E+01
5.29000E+02 1.61867E-04 9.53010E-02 5.65011E+01
5.36895E+02 1.45174E-04 8.64053E-02 5.17605E+01
5.44791E+02 1.29811E-04 7.80971E-02 4.72675E+01
5.52686E+02 1.15733E-04 7.03728E-02 4.30293E+01
5.60582E+02 1.02891E-04 6.32254E-02 3.90511E+01
5.68477E+02 9.11959E-05 5.66238E-02 3.53245E+01
5.76373E+02 8.05865E-05 5.05514E-02 3.18489E+01
5.84268E+02 7.09456E-05 4.49573E-02 2.86029E+01
5.92164E+02 6.22256E-05 3.98287E-02 2.55865E+01
6.00059E+02 5.43695E-05 3.51461E-02 2.27954E+01
6.07955E+02 4.73232E-05 3.08906E-02 2.02253E+01
6.15850E+02 4.09961E-05 2.70194E-02 1.78568E+01
6.23746E+02 3.53630E-05 2.35285E-02 1.56934E+01
6.31641E+02 3.03341E-05 2.03723E-02 1.37125E+01
6.39537E+02 2.58746E-05 1.75383E-02 1.19114E+01
6.47432E+02 2.19361E-05 1.50043E-02 1.02811E+01
6.55328E+02 1.84656E-05 1.27440E-02 8.80899E+00
6.63223E+02 1.54179E-05 1.07350E-02 7.48466E+00
6.71119E+02 1.27674E-05 8.96690E-03 6.30517E+00
6.79014E+02 1.04583E-05 7.40834E-03 5.25317E+00
6.86910E+02 8.46800E-06 6.04918E-03 4.32501E+00
6.94805E+02 6.76498E-06 4.87275E-03 3.51233E+00
7.02701E+02 5.32143E-06 3.86417E-03 2.80765E+00
7.10596E+02 4.10218E-06 3.00270E-03 2.19896E+00
7.18492E+02 3.08885E-06 2.27874E-03 1.68173E+00
7.26387E+02 2.25228E-06 1.67446E-03 1.24524E+00
7.34283E+02 1.58019E-06 1.18370E-03 8.86884E-01
7.42179E+02 1.04980E-06 7.92248E-04 5.97970E-01
7.50074E+02 6.43470E-07 4.89164E-04 3.71896E-01
7.57970E+02 3.46370E-07 2.65217E-04 2.03089E-01
7.65865E+02 1.49720E-07 1.15448E-04 8.90225E-02
7.73761E+02 3.74872E-08 2.91061E-05 2.25989E-02
7.81656E+02 0.00000E+00 0.00000E+00 0.00000E+00
